"LokalitetId","Opstina","Mesto","Ulica","KucniBroj","Sprat","Stan","BiracaPrebivaliste","BiracaBoraviste","Timestamp"
"327","ДЕСПОТОВАЦ","БАЛАЈНАЦ","НЕМА УЛИЦЕ","0","","","340","0","1779013199"
"327","ДЕСПОТОВАЦ","БЕЉАЈКА","НЕМА УЛИЦЕ","0","","","345","0","1779013199"
"327","ДЕСПОТОВАЦ","БОГАВА","НЕМА УЛИЦЕ","0","","","402","0","1779013199"
"327","ДЕСПОТОВАЦ","БРЕСТОВО","НЕМА УЛИЦЕ","0","","","294","0","1779013199"
"327","ДЕСПОТОВАЦ","БУКОВАЦ","НЕМА УЛИЦЕ","0","","","456","0","1779013199"
"327","ДЕСПОТОВАЦ","ВЕЛИКИ ПОПОВИЋ","НЕМА УЛИЦЕ","0-А","","","655","1","1779013199"
"327","ДЕСПОТОВАЦ","ВЕЛИКИ ПОПОВИЋ","НЕМА УЛИЦЕ","0-Б","","","468","0","1779013199"
"327","ДЕСПОТОВАЦ","ВИТАНЦЕ","НЕМА УЛИЦЕ","0","","","728","0","1779013199"
"327","ДЕСПОТОВАЦ","ВОЈНИК","ВИНОГРАДАРСКА","0","","","3","0","1779013199"
"327","ДЕСПОТОВАЦ","ВОЈНИК","ВИНОГРАДАРСКА","3","","","1","0","1779013199"
"327","ДЕСПОТОВАЦ","ВОЈНИК","НЕМА УЛИЦЕ","0","","","834","0","1779013199"
"327","ДЕСПОТОВАЦ","ГРАБОВИЦА","НЕМА УЛИЦЕ","0-А","","","528","0","1779013199"
"327","ДЕСПОТОВАЦ","ГРАБОВИЦА","НЕМА УЛИЦЕ","0-Б","","","405","0","1779013199"
"327","ДЕСПОТОВАЦ","ДВОРИШТЕ","НЕМА УЛИЦЕ","0","","","427","0","1779013199"
"327","ДЕСПОТОВАЦ","ДЕСПОТОВАЦ","28 МАРТ","1","","","3","0","1779013199"
"327","ДЕСПОТОВАЦ","ДЕСПОТОВАЦ","28 МАРТ","3","","","2","0","1779013199"
"327","ДЕСПОТОВАЦ","ДЕСПОТОВАЦ","28 МАРТ","4","","","4","0","1779013199"
"327","ДЕСПОТОВАЦ","ДЕСПОТОВАЦ","28 МАРТ","5","","","3","0","1779013199"
"327","ДЕСПОТОВАЦ","ДЕСПОТОВАЦ","28 МАРТ","7","","","1","0","1779013199"
"327","ДЕСПОТОВАЦ","ДЕСПОТОВАЦ","28 МАРТ","8","","","3","0","1779013199"
"327","ДЕСПОТОВАЦ","ДЕСПОТОВАЦ","28 МАРТ","12","","","2","0","1779013199"
"327","ДЕСПОТОВАЦ","ДЕСПОТОВАЦ","28 МАРТ","15","","","4","0","1779013199"
"327","ДЕСПОТОВАЦ","ДЕСПОТОВАЦ","28 МАРТ","23","","","6","0","1779013199"
"327","ДЕСПОТОВАЦ","ДЕСПОТОВАЦ","28 МАРТ","27","","","2","0","1779013199"
"327","ДЕСПОТОВАЦ","ДЕСПОТОВАЦ","28 МАРТ","29","","","3","0","1779013199"
"327","ДЕСПОТОВАЦ","ДЕСПОТОВАЦ","28 МАРТ","31","","","3","0","1779013199"
"327","ДЕСПОТОВАЦ","ДЕСПОТОВАЦ","29 НОВЕМБАР","3","","","3","0","1779013199"
"327","ДЕСПОТОВАЦ","ДЕСПОТОВАЦ","АКАДЕМИКА ПАВЛА ИВИЋА","0","","","2","0","1779013199"
"327","ДЕСПОТОВАЦ","ДЕСПОТОВАЦ","АКАДЕМИКА ПАВЛА ИВИЋА","1","","","1","0","1779013199"
"327","ДЕСПОТОВАЦ","ДЕСПОТОВАЦ","АКАДЕМИКА ПАВЛА ИВИЋА","2","","","3","0","1779013199"
"327","ДЕСПОТОВАЦ","ДЕСПОТОВАЦ","АКАДЕМИКА ПАВЛА ИВИЋА","3","","","1","0","1779013199"
"327","ДЕСПОТОВАЦ","ДЕСПОТОВАЦ","АКАДЕМИКА ПАВЛА ИВИЋА","4","","","2","0","1779013199"
"327","ДЕСПОТОВАЦ","ДЕСПОТОВАЦ","АКАДЕМИКА ПАВЛА ИВИЋА","5","","","1","0","1779013199"
"327","ДЕСПОТОВАЦ","ДЕСПОТОВАЦ","АКАДЕМИКА ПАВЛА ИВИЋА","6","","","3","0","1779013199"
"327","ДЕСПОТОВАЦ","ДЕСПОТОВАЦ","АКАДЕМИКА ПАВЛА ИВИЋА","9","","","1","0","1779013199"
"327","ДЕСПОТОВАЦ","ДЕСПОТОВАЦ","АКАДЕМИКА ПАВЛА ИВИЋА","10","","","3","0","1779013199"
"327","ДЕСПОТОВАЦ","ДЕСПОТОВАЦ","АКАДЕМИКА ПАВЛА ИВИЋА","14","","","3","0","1779013199"
"327","ДЕСПОТОВАЦ","ДЕСПОТОВАЦ","АКАДЕМИКА ПАВЛА ИВИЋА","15","","","1","0","1779013199"
"327","ДЕСПОТОВАЦ","ДЕСПОТОВАЦ","АКАДЕМИКА ПАВЛА ИВИЋА","17","","","3","0","1779013199"
"327","ДЕСПОТОВАЦ","ДЕСПОТОВАЦ","АКАДЕМИКА ПАВЛА ИВИЋА","19","","","1","0","1779013199"
"327","ДЕСПОТОВАЦ","ДЕСПОТОВАЦ","АЛЕКСЕ ШАНТИЋА","4","","","1","0","1779013199"
"327","ДЕСПОТОВАЦ","ДЕСПОТОВАЦ","АЛЕКСЕ ШАНТИЋА","6","","","3","0","1779013199"
"327","ДЕСПОТОВАЦ","ДЕСПОТОВАЦ","АЛЕКСЕ ШАНТИЋА","7","","","1","0","1779013199"
"327","ДЕСПОТОВАЦ","ДЕСПОТОВАЦ","АЛЕКСЕ ШАНТИЋА","11","","","1","0","1779013199"
"327","ДЕСПОТОВАЦ","ДЕСПОТОВАЦ","АЛЕКСЕ ШАНТИЋА","12","","","1","0","1779013199"
"327","ДЕСПОТОВАЦ","ДЕСПОТОВАЦ","БАЛКАНСКА","0","","","30","0","1779013199"
"327","ДЕСПОТОВАЦ","ДЕСПОТОВАЦ","БАЛКАНСКА","1","","","3","0","1779013199"
"327","ДЕСПОТОВАЦ","ДЕСПОТОВАЦ","БАЛКАНСКА","7","","","2","0","1779013199"
"327","ДЕСПОТОВАЦ","ДЕСПОТОВАЦ","БАЛКАНСКА","9","","","1","0","1779013199"
"327","ДЕСПОТОВАЦ","ДЕСПОТОВАЦ","БАЛКАНСКА","12","","","2","0","1779013199"
"327","ДЕСПОТОВАЦ","ДЕСПОТОВАЦ","БАЛКАНСКА","13","","","2","0","1779013199"
"327","ДЕСПОТОВАЦ","ДЕСПОТОВАЦ","БАЛКАНСКА","14","","","1","0","1779013199"
"327","ДЕСПОТОВАЦ","ДЕСПОТОВАЦ","БАЛКАНСКА","16","","","4","0","1779013199"
"327","ДЕСПОТОВАЦ","ДЕСПОТОВАЦ","БАЛКАНСКА","17","","","2","0","1779013199"
"327","ДЕСПОТОВАЦ","ДЕСПОТОВАЦ","БАЛКАНСКА","18","","","1","0","1779013199"
"327","ДЕСПОТОВАЦ","ДЕСПОТОВАЦ","БЕЉАНИЧКА","0","","","3","0","1779013199"
"327","ДЕСПОТОВАЦ","ДЕСПОТОВАЦ","БЕЉАНИЧКА","1","","","1","0","1779013199"
"327","ДЕСПОТОВАЦ","ДЕСПОТОВАЦ","БЕЉАНИЧКА","2","","","5","0","1779013199"
"327","ДЕСПОТОВАЦ","ДЕСПОТОВАЦ","БЕЉАНИЧКА","3","","","2","0","1779013199"
"327","ДЕСПОТОВАЦ","ДЕСПОТОВАЦ","БЕЉАНИЧКА","4","","","4","0","1779013199"
"327","ДЕСПОТОВАЦ","ДЕСПОТОВАЦ","БЕЉАНИЧКА","5","","","1","0","1779013199"
"327","ДЕСПОТОВАЦ","ДЕСПОТОВАЦ","БЕЉАНИЧКА","6","","","10","0","1779013199"
"327","ДЕСПОТОВАЦ","ДЕСПОТОВАЦ","БЕЉАНИЧКА","8","","","22","0","1779013199"
"327","ДЕСПОТОВАЦ","ДЕСПОТОВАЦ","БЕЉАНИЧКА","10","","","12","0","1779013199"
"327","ДЕСПОТОВАЦ","ДЕСПОТОВАЦ","БЕЉАНИЧКА","12","","","13","0","1779013199"
"327","ДЕСПОТОВАЦ","ДЕСПОТОВАЦ","БЕЉАНИЧКА","14","","","3","0","1779013199"
"327","ДЕСПОТОВАЦ","ДЕСПОТОВАЦ","БЕЉАНИЧКА","16","","","4","0","1779013199"
"327","ДЕСПОТОВАЦ","ДЕСПОТОВАЦ","БРЕСТ","1","","","6","0","1779013199"
"327","ДЕСПОТОВАЦ","ДЕСПОТОВАЦ","БРЕСТ","3","","","1","0","1779013199"
"327","ДЕСПОТОВАЦ","ДЕСПОТОВАЦ","БРЕСТ","4","","","2","0","1779013199"
"327","ДЕСПОТОВАЦ","ДЕСПОТОВАЦ","БРЕСТ","5","","","3","0","1779013199"
"327","ДЕСПОТОВАЦ","ДЕСПОТОВАЦ","БРЕСТ","6","","","1","0","1779013199"
"327","ДЕСПОТОВАЦ","ДЕСПОТОВАЦ","БРЕСТ","8","","","5","0","1779013199"
"327","ДЕСПОТОВАЦ","ДЕСПОТОВАЦ","БРЕСТ","10","","","3","0","1779013199"
"327","ДЕСПОТОВАЦ","ДЕСПОТОВАЦ","БРЕСТ","12","","","3","0","1779013199"
"327","ДЕСПОТОВАЦ","ДЕСПОТОВАЦ","БРЕСТ","14","","","2","0","1779013199"
"327","ДЕСПОТОВАЦ","ДЕСПОТОВАЦ","БРЕСТ","16","","","2","0","1779013199"
"327","ДЕСПОТОВАЦ","ДЕСПОТОВАЦ","ВИДОВДАНСКА","4","","","3","0","1779013199"
"327","ДЕСПОТОВАЦ","ДЕСПОТОВАЦ","ВИДОВДАНСКА","8","","","4","0","1779013199"
"327","ДЕСПОТОВАЦ","ДЕСПОТОВАЦ","ВОЈВОДЕ МИШИЋА","1","","","1","0","1779013199"
"327","ДЕСПОТОВАЦ","ДЕСПОТОВАЦ","ВОЈВОДЕ МИШИЋА","2","","","1","0","1779013199"
"327","ДЕСПОТОВАЦ","ДЕСПОТОВАЦ","ВОЈВОДЕ МИШИЋА","3","","","2","0","1779013199"
"327","ДЕСПОТОВАЦ","ДЕСПОТОВАЦ","ВОЈВОДЕ МИШИЋА","4","","","4","0","1779013199"
"327","ДЕСПОТОВАЦ","ДЕСПОТОВАЦ","ВОЈВОДЕ МИШИЋА","5","","","2","0","1779013199"
"327","ДЕСПОТОВАЦ","ДЕСПОТОВАЦ","ВОЈВОДЕ МИШИЋА","7","","","3","0","1779013199"
"327","ДЕСПОТОВАЦ","ДЕСПОТОВАЦ","ВОЈВОДЕ МИШИЋА","8","","","2","0","1779013199"
"327","ДЕСПОТОВАЦ","ДЕСПОТОВАЦ","ВОЈВОДЕ МИШИЋА","9","","","3","0","1779013199"
"327","ДЕСПОТОВАЦ","ДЕСПОТОВАЦ","ВОЈВОДЕ МИШИЋА","10","","","2","0","1779013199"
"327","ДЕСПОТОВАЦ","ДЕСПОТОВАЦ","ВОЈВОДЕ МИШИЋА","11","","","2","0","1779013199"
"327","ДЕСПОТОВАЦ","ДЕСПОТОВАЦ","ВОЈВОДЕ МИШИЋА","12","","","5","0","1779013199"
"327","ДЕСПОТОВАЦ","ДЕСПОТОВАЦ","ВОЈВОДЕ МИШИЋА","13","","","3","0","1779013199"
"327","ДЕСПОТОВАЦ","ДЕСПОТОВАЦ","ВОЈВОДЕ МИШИЋА","14","","","4","0","1779013199"
"327","ДЕСПОТОВАЦ","ДЕСПОТОВАЦ","ВОЈВОДЕ МИШИЋА","16","","","3","0","1779013199"
"327","ДЕСПОТОВАЦ","ДЕСПОТОВАЦ","ВОЈВОДЕ МИШИЋА","17","","","5","0","1779013199"
"327","ДЕСПОТОВАЦ","ДЕСПОТОВАЦ","ВОЈВОДЕ МИШИЋА","18","","","4","0","1779013199"
"327","ДЕСПОТОВАЦ","ДЕСПОТОВАЦ","ВОЈВОДЕ МИШИЋА","20","","","5","0","1779013199"
"327","ДЕСПОТОВАЦ","ДЕСПОТОВАЦ","ВОЈВОДЕ МИШИЋА","21","","","3","0","1779013199"
"327","ДЕСПОТОВАЦ","ДЕСПОТОВАЦ","ВОЈВОДЕ МИШИЋА","22","","","4","0","1779013199"
"327","ДЕСПОТОВАЦ","ДЕСПОТОВАЦ","ВОЈВОДЕ МИШИЋА","23","","","4","0","1779013199"
"327","ДЕСПОТОВАЦ","ДЕСПОТОВАЦ","ВОЈВОДЕ МИШИЋА","24","","","4","0","1779013199"
"327","ДЕСПОТОВАЦ","ДЕСПОТОВАЦ","ВОЈВОДЕ МИШИЋА","26","","","6","0","1779013199"
"327","ДЕСПОТОВАЦ","ДЕСПОТОВАЦ","ВОЈВОДЕ МИШИЋА","29","","","4","0","1779013199"
"327","ДЕСПОТОВАЦ","ДЕСПОТОВАЦ","ВОЈВОДЕ МИШИЋА","30","","","4","0","1779013199"
"327","ДЕСПОТОВАЦ","ДЕСПОТОВАЦ","ВОЈВОДЕ МИШИЋА","32","","","4","0","1779013199"
"327","ДЕСПОТОВАЦ","ДЕСПОТОВАЦ","ВОЈВОДЕ СТЕПЕ","0","","","1","0","1779013199"
"327","ДЕСПОТОВАЦ","ДЕСПОТОВАЦ","ВОЈВОДЕ СТЕПЕ","2","","","1","0","1779013199"
"327","ДЕСПОТОВАЦ","ДЕСПОТОВАЦ","ВОЈВОДЕ СТЕПЕ","3","","","3","0","1779013199"
"327","ДЕСПОТОВАЦ","ДЕСПОТОВАЦ","ВОЈВОДЕ СТЕПЕ","4","","","7","0","1779013199"
"327","ДЕСПОТОВАЦ","ДЕСПОТОВАЦ","ВОЈВОДЕ СТЕПЕ","6","","","3","0","1779013199"
"327","ДЕСПОТОВАЦ","ДЕСПОТОВАЦ","ВОЈВОДЕ СТЕПЕ","7","","","8","0","1779013199"
"327","ДЕСПОТОВАЦ","ДЕСПОТОВАЦ","ВОЈВОДЕ СТЕПЕ","9","","","5","0","1779013199"
"327","ДЕСПОТОВАЦ","ДЕСПОТОВАЦ","ВОЈВОДЕ СТЕПЕ","10","","","1","0","1779013199"
"327","ДЕСПОТОВАЦ","ДЕСПОТОВАЦ","ВОЈВОДЕ СТЕПЕ","11","","","1","0","1779013199"
"327","ДЕСПОТОВАЦ","ДЕСПОТОВАЦ","ВОЈВОДЕ СТЕПЕ","12","","","1","0","1779013199"
"327","ДЕСПОТОВАЦ","ДЕСПОТОВАЦ","ВОЈВОДЕ СТЕПЕ","13","","","3","0","1779013199"
"327","ДЕСПОТОВАЦ","ДЕСПОТОВАЦ","ВОЈВОДЕ СТЕПЕ","14","","","2","0","1779013199"
"327","ДЕСПОТОВАЦ","ДЕСПОТОВАЦ","ВОЈВОДЕ СТЕПЕ","15","","","2","0","1779013199"
"327","ДЕСПОТОВАЦ","ДЕСПОТОВАЦ","ВОЈВОДЕ СТЕПЕ","17","","","3","0","1779013199"
"327","ДЕСПОТОВАЦ","ДЕСПОТОВАЦ","ВОЈВОДЕ СТЕПЕ","18","","","1","0","1779013199"
"327","ДЕСПОТОВАЦ","ДЕСПОТОВАЦ","ВОЈВОДЕ СТЕПЕ","19","","","1","0","1779013199"
"327","ДЕСПОТОВАЦ","ДЕСПОТОВАЦ","ВОЈВОДЕ СТЕПЕ","20","","","3","0","1779013199"
"327","ДЕСПОТОВАЦ","ДЕСПОТОВАЦ","ВОЈВОДЕ СТЕПЕ","22","","","3","0","1779013199"
"327","ДЕСПОТОВАЦ","ДЕСПОТОВАЦ","ВОЈВОДЕ СТЕПЕ","23","","","1","0","1779013199"
"327","ДЕСПОТОВАЦ","ДЕСПОТОВАЦ","ВОЈВОДЕ СТЕПЕ","24","","","3","0","1779013199"
"327","ДЕСПОТОВАЦ","ДЕСПОТОВАЦ","ВОЈВОДЕ СТЕПЕ","26","","","2","0","1779013199"
"327","ДЕСПОТОВАЦ","ДЕСПОТОВАЦ","ВОЈВОДЕ СТЕПЕ","27","","","5","0","1779013199"
"327","ДЕСПОТОВАЦ","ДЕСПОТОВАЦ","ВОЈВОДЕ СТЕПЕ","28","","","2","0","1779013199"
"327","ДЕСПОТОВАЦ","ДЕСПОТОВАЦ","ВОЈВОДЕ СТЕПЕ","29","","","1","0","1779013199"
"327","ДЕСПОТОВАЦ","ДЕСПОТОВАЦ","ВОЈВОДЕ СТЕПЕ","31","","","1","0","1779013199"
"327","ДЕСПОТОВАЦ","ДЕСПОТОВАЦ","ВОЈВОДЕ СТЕПЕ","32","","","5","0","1779013199"
"327","ДЕСПОТОВАЦ","ДЕСПОТОВАЦ","ВОЈВОДЕ СТЕПЕ","34","","","1","0","1779013199"
"327","ДЕСПОТОВАЦ","ДЕСПОТОВАЦ","ВОЈВОДЕ СТЕПЕ","36","","","1","0","1779013199"
"327","ДЕСПОТОВАЦ","ДЕСПОТОВАЦ","28 МАРТ","9","","","3","0","1779013199"
"327","ДЕСПОТОВАЦ","ДЕСПОТОВАЦ","ВОЈВОДЕ СТЕПЕ","5","","","6","0","1779013199"
"327","ДЕСПОТОВАЦ","ДЕСПОТОВАЦ","ВОЈВОДЕ СТЕПЕ","21","","","3","0","1779013199"
"327","ДЕСПОТОВАЦ","ДЕСПОТОВАЦ","ВОЈВОДЕ СТЕПЕ","30","","","5","0","1779013199"
"327","ДЕСПОТОВАЦ","ДЕСПОТОВАЦ","ВРБАЦИ","0","","","12","0","1779013199"
"327","ДЕСПОТОВАЦ","ДЕСПОТОВАЦ","ВРБАЦИ","1","","","5","0","1779013199"
"327","ДЕСПОТОВАЦ","ДЕСПОТОВАЦ","ВРБАЦИ","2","","","4","0","1779013199"
"327","ДЕСПОТОВАЦ","ДЕСПОТОВАЦ","ВРБАЦИ","6","","","1","0","1779013199"
"327","ДЕСПОТОВАЦ","ДЕСПОТОВАЦ","ВРБАЦИ","12","","","4","0","1779013199"
"327","ДЕСПОТОВАЦ","ДЕСПОТОВАЦ","ВРБАЦИ","14","","","1","0","1779013199"
"327","ДЕСПОТОВАЦ","ДЕСПОТОВАЦ","ВУК КАРАЏИЋ","0","","","1","0","1779013199"
"327","ДЕСПОТОВАЦ","ДЕСПОТОВАЦ","ВУК КАРАЏИЋ","1","","","6","0","1779013199"
"327","ДЕСПОТОВАЦ","ДЕСПОТОВАЦ","ВУК КАРАЏИЋ","2","","","13","0","1779013199"
"327","ДЕСПОТОВАЦ","ДЕСПОТОВАЦ","ВУК КАРАЏИЋ","3","","","4","0","1779013199"
"327","ДЕСПОТОВАЦ","ДЕСПОТОВАЦ","ВУК КАРАЏИЋ","4","","","1","0","1779014043"
"327","ДЕСПОТОВАЦ","ДЕСПОТОВАЦ","ВУК КАРАЏИЋ","5","","","3","0","1779014053"
"327","ДЕСПОТОВАЦ","ДЕСПОТОВАЦ","ВУК КАРАЏИЋ","6","","","4","0","1779014063"
"327","ДЕСПОТОВАЦ","ДЕСПОТОВАЦ","ВУК КАРАЏИЋ","7","","","2","0","1779014075"
"327","ДЕСПОТОВАЦ","ДЕСПОТОВАЦ","ВУК КАРАЏИЋ","9","","","2","0","1779014085"
"327","ДЕСПОТОВАЦ","ДЕСПОТОВАЦ","ВУК КАРАЏИЋ","10","","","5","0","1779014105"
"327","ДЕСПОТОВАЦ","ДЕСПОТОВАЦ","ВУК КАРАЏИЋ","11","","","2","0","1779014120"
"327","ДЕСПОТОВАЦ","ДЕСПОТОВАЦ","ВУК КАРАЏИЋ","12","","","3","0","1779014128"
"327","ДЕСПОТОВАЦ","ДЕСПОТОВАЦ","ВУК КАРАЏИЋ","14","","","4","0","1779014139"
"327","ДЕСПОТОВАЦ","ДЕСПОТОВАЦ","ВУК КАРАЏИЋ","15","","","7","0","1779014155"
"327","ДЕСПОТОВАЦ","ДЕСПОТОВАЦ","ВУК КАРАЏИЋ","17","","","1","0","1779014178"
"327","ДЕСПОТОВАЦ","ДЕСПОТОВАЦ","ВУК КАРАЏИЋ","19","","","2","0","1779014188"
"327","ДЕСПОТОВАЦ","ДЕСПОТОВАЦ","ВУК КАРАЏИЋ","20","","","4","0","1779014212"
"327","ДЕСПОТОВАЦ","ДЕСПОТОВАЦ","ВУК КАРАЏИЋ","21","","","3","0","1779014220"
"327","ДЕСПОТОВАЦ","ДЕСПОТОВАЦ","ВУК КАРАЏИЋ","22","","","4","0","1779014228"
"327","ДЕСПОТОВАЦ","ДЕСПОТОВАЦ","ВУК КАРАЏИЋ","25","","","6","0","1779014238"
"327","ДЕСПОТОВАЦ","ДЕСПОТОВАЦ","ВУК КАРАЏИЋ","26","","","1","0","1779014246"
"327","ДЕСПОТОВАЦ","ДЕСПОТОВАЦ","ВУК КАРАЏИЋ","27","","","4","0","1779014258"
"327","ДЕСПОТОВАЦ","ДЕСПОТОВАЦ","ВУК КАРАЏИЋ","30","","","4","0","1779014268"
"327","ДЕСПОТОВАЦ","ДЕСПОТОВАЦ","ВУК КАРАЏИЋ","32","","","7","0","1779014280"
"327","ДЕСПОТОВАЦ","ДЕСПОТОВАЦ","ВУК КАРАЏИЋ","35","","","1","0","1779014288"
"327","ДЕСПОТОВАЦ","ДЕСПОТОВАЦ","ВУК КАРАЏИЋ","37","","","4","0","1779014298"
"327","ДЕСПОТОВАЦ","ДЕСПОТОВАЦ","ВУК КАРАЏИЋ","41","","","3","0","1779014311"
"327","ДЕСПОТОВАЦ","ДЕСПОТОВАЦ","ВУК КАРАЏИЋ","43","","","1","0","1779014326"
"327","ДЕСПОТОВАЦ","ДЕСПОТОВАЦ","ВУК КАРАЏИЋ","45","","","1","0","1779014337"
"327","ДЕСПОТОВАЦ","ДЕСПОТОВАЦ","ВУЛЕТА ПОПОВИЋА","1","","","1","0","1779014346"
"327","ДЕСПОТОВАЦ","ДЕСПОТОВАЦ","ВУЛЕТА ПОПОВИЋА","4","","","3","0","1779014357"
"327","ДЕСПОТОВАЦ","ДЕСПОТОВАЦ","ВУЛЕТА ПОПОВИЋА","5","","","5","0","1779014369"
"327","ДЕСПОТОВАЦ","ДЕСПОТОВАЦ","ВУЛЕТА ПОПОВИЋА","6","","","1","0","1779014382"
"327","ДЕСПОТОВАЦ","ДЕСПОТОВАЦ","ВУЛЕТА ПОПОВИЋА","7","","","1","0","1779014391"
"327","ДЕСПОТОВАЦ","ДЕСПОТОВАЦ","ВУЛЕТА ПОПОВИЋА","8","","","1","0","1779014403"
"327","ДЕСПОТОВАЦ","ДЕСПОТОВАЦ","ВУЛЕТА ПОПОВИЋА","9","","","2","0","1779014411"
"327","ДЕСПОТОВАЦ","ДЕСПОТОВАЦ","ВУЛЕТА ПОПОВИЋА","10","","","4","0","1779014419"
"327","ДЕСПОТОВАЦ","ДЕСПОТОВАЦ","ВУЛЕТА ПОПОВИЋА","11","","","5","0","1779014427"
"327","ДЕСПОТОВАЦ","ДЕСПОТОВАЦ","ВУЛЕТА ПОПОВИЋА","12","","","3","0","1779014435"
"327","ДЕСПОТОВАЦ","ДЕСПОТОВАЦ","ВУЛЕТА ПОПОВИЋА","13","","","2","0","1779014445"
"327","ДЕСПОТОВАЦ","ДЕСПОТОВАЦ","ВУЛЕТА ПОПОВИЋА","14","","","4","0","1779014454"
"327","ДЕСПОТОВАЦ","ДЕСПОТОВАЦ","ВУЛЕТА ПОПОВИЋА","15","","","1","0","1779014462"
"327","ДЕСПОТОВАЦ","ДЕСПОТОВАЦ","ВУЛЕТА ПОПОВИЋА","19","","","3","0","1779014471"
"327","ДЕСПОТОВАЦ","ДЕСПОТОВАЦ","ГАЈЕ МИЛОРАДОВИЋА","1","","","5","0","1779014479"
"327","ДЕСПОТОВАЦ","ДЕСПОТОВАЦ","ГАЈЕ МИЛОРАДОВИЋА","2","","","1","0","1779014488"
"327","ДЕСПОТОВАЦ","ДЕСПОТОВАЦ","ГАЈЕ МИЛОРАДОВИЋА","5","","","2","0","1779014498"
"327","ДЕСПОТОВАЦ","ДЕСПОТОВАЦ","ГАЈЕ МИЛОРАДОВИЋА","12","","","2","0","1779014510"
"327","ДЕСПОТОВАЦ","ДЕСПОТОВАЦ","ДЕВЕТИ ОКТОБАР","0","","","16","0","1779014521"
"327","ДЕСПОТОВАЦ","ДЕСПОТОВАЦ","ДЕВЕТИ ОКТОБАР","2","","","3","0","1779014535"
"327","ДЕСПОТОВАЦ","ДЕСПОТОВАЦ","ДЕВЕТИ ОКТОБАР","3","","","4","0","1779014554"
"327","ДЕСПОТОВАЦ","ДЕСПОТОВАЦ","ДЕВЕТИ ОКТОБАР","4","","","4","0","1779014564"
"327","ДЕСПОТОВАЦ","ДЕСПОТОВАЦ","ДЕВЕТИ ОКТОБАР","7","","","7","0","1779014572"
"327","ДЕСПОТОВАЦ","ДЕСПОТОВАЦ","ДЕВЕТИ ОКТОБАР","8","","","4","0","1779014581"
"327","ДЕСПОТОВАЦ","ДЕСПОТОВАЦ","ДЕВЕТИ ОКТОБАР","9","","","1","0","1779014595"
"327","ДЕСПОТОВАЦ","ДЕСПОТОВАЦ","ДЕВЕТИ ОКТОБАР","11","","","2","0","1779014614"
"327","ДЕСПОТОВАЦ","ДЕСПОТОВАЦ","ДЕВЕТИ ОКТОБАР","12","","","3","0","1779014625"
"327","ДЕСПОТОВАЦ","ДЕСПОТОВАЦ","ДЕВЕТИ ОКТОБАР","13","","","1","0","1779014635"
"327","ДЕСПОТОВАЦ","ДЕСПОТОВАЦ","ДЕВЕТИ ОКТОБАР","14","","","3","0","1779014642"
"327","ДЕСПОТОВАЦ","ДЕСПОТОВАЦ","ДЕВЕТИ ОКТОБАР","15","","","3","0","1779014651"
"327","ДЕСПОТОВАЦ","ДЕСПОТОВАЦ","ДЕВЕТИ ОКТОБАР","17","","","7","0","1779014662"
"327","ДЕСПОТОВАЦ","ДЕСПОТОВАЦ","ДЕВЕТИ ОКТОБАР","20","","","3","0","1779014676"
"327","ДЕСПОТОВАЦ","ДЕСПОТОВАЦ","ДЕВЕТИ ОКТОБАР","21","","","2","0","1779014684"
"327","ДЕСПОТОВАЦ","ДЕСПОТОВАЦ","ДЕВЕТИ ОКТОБАР","24","","","4","0","1779014694"
"327","ДЕСПОТОВАЦ","ДЕСПОТОВАЦ","ДЕВЕТИ ОКТОБАР","25","","","2","0","1779014705"
"327","ДЕСПОТОВАЦ","ДЕСПОТОВАЦ","ДЕВЕТИ ОКТОБАР","26","","","7","0","1779014712"
"327","ДЕСПОТОВАЦ","ДЕСПОТОВАЦ","ДЕВЕТИ ОКТОБАР","27","","","1","0","1779014723"
"327","ДЕСПОТОВАЦ","ДЕСПОТОВАЦ","ДЕВЕТИ ОКТОБАР","29","","","1","0","1779014733"
"327","ДЕСПОТОВАЦ","ДЕСПОТОВАЦ","ДЕВЕТИ ОКТОБАР","30","","","6","0","1779014743"
"327","ДЕСПОТОВАЦ","ДЕСПОТОВАЦ","ДЕВЕТИ ОКТОБАР","34","","","1","0","1779014754"
"327","ДЕСПОТОВАЦ","ДЕСПОТОВАЦ","ДЕВЕТИ ОКТОБАР","35","","","1","0","1779014765"
"327","ДЕСПОТОВАЦ","ДЕСПОТОВАЦ","ДЕВЕТИ ОКТОБАР","36","","","2","0","1779014776"
"327","ДЕСПОТОВАЦ","ДЕСПОТОВАЦ","ДЕВЕТИ ОКТОБАР","38","","","2","0","1779014784"
"327","ДЕСПОТОВАЦ","ДЕСПОТОВАЦ","ДЕВЕТИ ОКТОБАР","43","","","1","0","1779014797"
"327","ДЕСПОТОВАЦ","ДЕСПОТОВАЦ","ДЕВЕТИ ОКТОБАР","45","","","4","0","1779014805"
"327","ДЕСПОТОВАЦ","ДЕСПОТОВАЦ","ДЕВЕТИ ОКТОБАР","46","","","4","0","1779014813"
"327","ДЕСПОТОВАЦ","ДЕСПОТОВАЦ","ДЕВЕТИ ОКТОБАР","52","","","1","0","1779014823"
"327","ДЕСПОТОВАЦ","ДЕСПОТОВАЦ","ДЕВЕТИ ОКТОБАР","53","","","1","0","1779014831"
"327","ДЕСПОТОВАЦ","ДЕСПОТОВАЦ","ДЕВЕТИ ОКТОБАР","54","","","2","0","1779014841"
"327","ДЕСПОТОВАЦ","ДЕСПОТОВАЦ","ДЕВЕТИ ОКТОБАР","64","","","1","0","1779014849"
"327","ДЕСПОТОВАЦ","ДЕСПОТОВАЦ","ДЕВЕТИ ОКТОБАР","65","","","2","0","1779014861"
"327","ДЕСПОТОВАЦ","ДЕСПОТОВАЦ","ДЕВЕТИ ОКТОБАР","66","","","1","0","1779014872"
"327","ДЕСПОТОВАЦ","ДЕСПОТОВАЦ","ДЕСПОТА СТЕФАНА ЛАЗАРЕВИЋА","0","","","41","0","1779014882"
"327","ДЕСПОТОВАЦ","ДЕСПОТОВАЦ","ДЕСПОТА СТЕФАНА ЛАЗАРЕВИЋА","2","","","2","0","1779014891"
"327","ДЕСПОТОВАЦ","ДЕСПОТОВАЦ","ДЕСПОТА СТЕФАНА ЛАЗАРЕВИЋА","3","","","3","0","1779014902"
"327","ДЕСПОТОВАЦ","ДЕСПОТОВАЦ","ДЕСПОТА СТЕФАНА ЛАЗАРЕВИЋА","4","","","2","0","1779014911"
"327","ДЕСПОТОВАЦ","ДЕСПОТОВАЦ","ДЕСПОТА СТЕФАНА ЛАЗАРЕВИЋА","5","","","4","0","1779014921"
"327","ДЕСПОТОВАЦ","ДЕСПОТОВАЦ","ДЕСПОТА СТЕФАНА ЛАЗАРЕВИЋА","8","","","25","0","1779014939"
"327","ДЕСПОТОВАЦ","ДЕСПОТОВАЦ","ДЕСПОТА СТЕФАНА ЛАЗАРЕВИЋА","9","","","4","0","1779014948"
"327","ДЕСПОТОВАЦ","ДЕСПОТОВАЦ","ДЕСПОТА СТЕФАНА ЛАЗАРЕВИЋА","10","","","22","0","1779014957"
"327","ДЕСПОТОВАЦ","ДЕСПОТОВАЦ","ДЕСПОТА СТЕФАНА ЛАЗАРЕВИЋА","11","","","2","0","1779014968"
"327","ДЕСПОТОВАЦ","ДЕСПОТОВАЦ","ДЕСПОТА СТЕФАНА ЛАЗАРЕВИЋА","13","","","3","0","1779014980"
"327","ДЕСПОТОВАЦ","ДЕСПОТОВАЦ","ДЕСПОТА СТЕФАНА ЛАЗАРЕВИЋА","14","","","9","0","1779015002"
"327","ДЕСПОТОВАЦ","ДЕСПОТОВАЦ","ДЕСПОТА СТЕФАНА ЛАЗАРЕВИЋА","15","","","1","0","1779015012"
"327","ДЕСПОТОВАЦ","ДЕСПОТОВАЦ","ДЕСПОТА СТЕФАНА ЛАЗАРЕВИЋА","16","","","8","0","1779015021"
"327","ДЕСПОТОВАЦ","ДЕСПОТОВАЦ","ДЕСПОТА СТЕФАНА ЛАЗАРЕВИЋА","18","","","1","0","1779015030"
"327","ДЕСПОТОВАЦ","ДЕСПОТОВАЦ","ДЕСПОТА СТЕФАНА ЛАЗАРЕВИЋА","20","","","1","0","1779015061"
"327","ДЕСПОТОВАЦ","ДЕСПОТОВАЦ","ДЕСПОТА СТЕФАНА ЛАЗАРЕВИЋА","12","","","2","0","1779015350"
"327","ДЕСПОТОВАЦ","ДЕСПОТОВАЦ","ДЕСПОТА СТЕФАНА ЛАЗАРЕВИЋА","21","","","3","0","1779015357"
"327","ДЕСПОТОВАЦ","ДЕСПОТОВАЦ","ДЕСПОТА СТЕФАНА ЛАЗАРЕВИЋА","22","","","3","0","1779015365"
"327","ДЕСПОТОВАЦ","ДЕСПОТОВАЦ","ДЕСПОТА СТЕФАНА ЛАЗАРЕВИЋА","23","","","1","0","1779015374"
"327","ДЕСПОТОВАЦ","ДЕСПОТОВАЦ","ДЕСПОТА СТЕФАНА ЛАЗАРЕВИЋА","25","","","6","0","1779015405"
"327","ДЕСПОТОВАЦ","ДЕСПОТОВАЦ","ДЕСПОТА СТЕФАНА ЛАЗАРЕВИЋА","28","","","3","0","1779015413"
"327","ДЕСПОТОВАЦ","ДЕСПОТОВАЦ","ДЕСПОТА СТЕФАНА ЛАЗАРЕВИЋА","29","","","12","0","1779015423"
"327","ДЕСПОТОВАЦ","ДЕСПОТОВАЦ","ДЕСПОТА СТЕФАНА ЛАЗАРЕВИЋА","31","","","11","0","1779015430"
"327","ДЕСПОТОВАЦ","ДЕСПОТОВАЦ","ДЕСПОТА СТЕФАНА ЛАЗАРЕВИЋА","34","","","1","0","1779015440"
"327","ДЕСПОТОВАЦ","ДЕСПОТОВАЦ","ДЕСПОТА СТЕФАНА ЛАЗАРЕВИЋА","36","","","1","0","1779015449"
"327","ДЕСПОТОВАЦ","ДЕСПОТОВАЦ","ДЕСПОТА СТЕФАНА ЛАЗАРЕВИЋА","37","","","2","0","1779015457"
"327","ДЕСПОТОВАЦ","ДЕСПОТОВАЦ","ДЕСПОТА СТЕФАНА ЛАЗАРЕВИЋА","38","","","24","0","1779015465"
"327","ДЕСПОТОВАЦ","ДЕСПОТОВАЦ","ДЕСПОТА СТЕФАНА ЛАЗАРЕВИЋА","40","","","17","0","1779015475"
"327","ДЕСПОТОВАЦ","ДЕСПОТОВАЦ","ДЕСПОТА СТЕФАНА ЛАЗАРЕВИЋА","47","","","4","0","1779015482"
"327","ДЕСПОТОВАЦ","ДЕСПОТОВАЦ","ДЕСПОТА СТЕФАНА ЛАЗАРЕВИЋА","49","","","3","0","1779015492"
"327","ДЕСПОТОВАЦ","ДЕСПОТОВАЦ","ДЕСПОТА СТЕФАНА ЛАЗАРЕВИЋА","52","","","2","0","1779015500"
"327","ДЕСПОТОВАЦ","ДЕСПОТОВАЦ","ДЕСПОТА СТЕФАНА ЛАЗАРЕВИЋА","53","","","3","0","1779015511"
"327","ДЕСПОТОВАЦ","ДЕСПОТОВАЦ","ДЕСПОТА СТЕФАНА ЛАЗАРЕВИЋА","55","","","1","0","1779015537"
"327","ДЕСПОТОВАЦ","ДЕСПОТОВАЦ","ДЕСПОТА СТЕФАНА ЛАЗАРЕВИЋА","65","","","1","0","1779015547"
"327","ДЕСПОТОВАЦ","ДЕСПОТОВАЦ","ДЕСПОТА СТЕФАНА ЛАЗАРЕВИЋА","66","","","2","0","1779015556"
"327","ДЕСПОТОВАЦ","ДЕСПОТОВАЦ","ДЕСПОТА СТЕФАНА ЛАЗАРЕВИЋА","67","","","2","0","1779015564"
"327","ДЕСПОТОВАЦ","ДЕСПОТОВАЦ","ДЕСПОТА СТЕФАНА ЛАЗАРЕВИЋА","68","","","1","0","1779015583"
"327","ДЕСПОТОВАЦ","ДЕСПОТОВАЦ","ДЕСПОТА СТЕФАНА ЛАЗАРЕВИЋА","74","","","3","0","1779015599"
"327","ДЕСПОТОВАЦ","ДЕСПОТОВАЦ","ДЕСПОТА СТЕФАНА ЛАЗАРЕВИЋА","75","","","1","0","1779015606"
"327","ДЕСПОТОВАЦ","ДЕСПОТОВАЦ","ДЕСПОТА СТЕФАНА ЛАЗАРЕВИЋА","76","","","7","0","1779015616"
"327","ДЕСПОТОВАЦ","ДЕСПОТОВАЦ","ДЕСПОТА СТЕФАНА ЛАЗАРЕВИЋА","80","","","1","0","1779015625"
"327","ДЕСПОТОВАЦ","ДЕСПОТОВАЦ","ДЕСПОТА СТЕФАНА ЛАЗАРЕВИЋА","84","","","4","0","1779015632"
"327","ДЕСПОТОВАЦ","ДЕСПОТОВАЦ","ДЕСПОТА СТЕФАНА ЛАЗАРЕВИЋА","92","","","3","0","1779015647"
"327","ДЕСПОТОВАЦ","ДЕСПОТОВАЦ","ДЕСПОТА СТЕФАНА ЛАЗАРЕВИЋА","93","","","3","0","1779015654"
"327","ДЕСПОТОВАЦ","ДЕСПОТОВАЦ","ДЕСПОТА СТЕФАНА ЛАЗАРЕВИЋА","94","","","4","0","1779015663"
"327","ДЕСПОТОВАЦ","ДЕСПОТОВАЦ","ДЕСПОТА СТЕФАНА ЛАЗАРЕВИЋА","97","","","2","0","1779015671"
"327","ДЕСПОТОВАЦ","ДЕСПОТОВАЦ","ДЕСПОТА СТЕФАНА ЛАЗАРЕВИЋА","98","","","2","0","1779015679"
"327","ДЕСПОТОВАЦ","ДЕСПОТОВАЦ","ДЕСПОТА СТЕФАНА ЛАЗАРЕВИЋА","99","","","2","0","1779015688"
"327","ДЕСПОТОВАЦ","ДЕСПОТОВАЦ","ДЕСПОТА СТЕФАНА ЛАЗАРЕВИЋА","100","","","1","0","1779015697"
"327","ДЕСПОТОВАЦ","ДЕСПОТОВАЦ","ДЕСПОТА СТЕФАНА ЛАЗАРЕВИЋА","106","","","2","0","1779015706"
"327","ДЕСПОТОВАЦ","ДЕСПОТОВАЦ","ДЕСПОТА СТЕФАНА ЛАЗАРЕВИЋА","107","","","1","0","1779015713"
"327","ДЕСПОТОВАЦ","ДЕСПОТОВАЦ","ДЕСПОТА СТЕФАНА ЛАЗАРЕВИЋА","108","","","3","0","1779015720"
"327","ДЕСПОТОВАЦ","ДЕСПОТОВАЦ","ДЕСПОТА СТЕФАНА ЛАЗАРЕВИЋА","111","","","2","0","1779015730"
"327","ДЕСПОТОВАЦ","ДЕСПОТОВАЦ","ДЕСПОТА СТЕФАНА ЛАЗАРЕВИЋА","112","","","4","0","1779015740"
"327","ДЕСПОТОВАЦ","ДЕСПОТОВАЦ","ДЕСПОТА СТЕФАНА ЛАЗАРЕВИЋА","114","","","1","0","1779015746"
"327","ДЕСПОТОВАЦ","ДЕСПОТОВАЦ","ДЕСПОТА СТЕФАНА ЛАЗАРЕВИЋА","116","","","4","0","1779015755"
"327","ДЕСПОТОВАЦ","ДЕСПОТОВАЦ","ДЕСПОТА СТЕФАНА ЛАЗАРЕВИЋА","120","","","8","0","1779015765"
"327","ДЕСПОТОВАЦ","ДЕСПОТОВАЦ","ДЕСПОТА СТЕФАНА ЛАЗАРЕВИЋА","121","","","4","0","1779015773"
"327","ДЕСПОТОВАЦ","ДЕСПОТОВАЦ","ДЕСПОТА СТЕФАНА ЛАЗАРЕВИЋА","122","","","4","0","1779015782"
"327","ДЕСПОТОВАЦ","ДЕСПОТОВАЦ","ДЕСПОТА СТЕФАНА ЛАЗАРЕВИЋА","124","","","1","0","1779015791"
"327","ДЕСПОТОВАЦ","ДЕСПОТОВАЦ","ДЕСПОТА СТЕФАНА ЛАЗАРЕВИЋА","127","","","1","0","1779015801"
"327","ДЕСПОТОВАЦ","ДЕСПОТОВАЦ","ДЕСПОТА СТЕФАНА ЛАЗАРЕВИЋА","129","","","14","0","1779015807"
"327","ДЕСПОТОВАЦ","ДЕСПОТОВАЦ","ДЕСПОТА СТЕФАНА ЛАЗАРЕВИЋА","131","","","2","0","1779015817"
"327","ДЕСПОТОВАЦ","ДЕСПОТОВАЦ","ДЕСПОТА СТЕФАНА ЛАЗАРЕВИЋА","137","","","2","0","1779015828"
"327","ДЕСПОТОВАЦ","ДЕСПОТОВАЦ","ДЕСПОТА СТЕФАНА ЛАЗАРЕВИЋА","138","","","2","0","1779015835"
"327","ДЕСПОТОВАЦ","ДЕСПОТОВАЦ","ДЕСПОТА СТЕФАНА ЛАЗАРЕВИЋА","141","","","3","0","1779015841"
"327","ДЕСПОТОВАЦ","ДЕСПОТОВАЦ","ДЕСПОТА СТЕФАНА ЛАЗАРЕВИЋА","142","","","4","0","1779015848"
"327","ДЕСПОТОВАЦ","ДЕСПОТОВАЦ","ДЕСПОТА СТЕФАНА ЛАЗАРЕВИЋА","143","","","3","0","1779015859"
"327","ДЕСПОТОВАЦ","ДЕСПОТОВАЦ","ДЕСПОТА СТЕФАНА ЛАЗАРЕВИЋА","144","","","26","0","1779015870"
"327","ДЕСПОТОВАЦ","ДЕСПОТОВАЦ","ДЕСПОТА СТЕФАНА ЛАЗАРЕВИЋА","145","","","1","0","1779015878"
"327","ДЕСПОТОВАЦ","ДЕСПОТОВАЦ","ДЕСПОТА СТЕФАНА ЛАЗАРЕВИЋА","146","","","10","0","1779015884"
"327","ДЕСПОТОВАЦ","ДЕСПОТОВАЦ","ДЕСПОТА СТЕФАНА ЛАЗАРЕВИЋА","148","","","1","0","1779015893"
"327","ДЕСПОТОВАЦ","ДЕСПОТОВАЦ","ДЕСПОТА СТЕФАНА ЛАЗАРЕВИЋА","149","","","2","0","1779015908"
"327","ДЕСПОТОВАЦ","ДЕСПОТОВАЦ","ДЕСПОТА СТЕФАНА ЛАЗАРЕВИЋА","150","","","2","0","1779015918"
"327","ДЕСПОТОВАЦ","ДЕСПОТОВАЦ","ДЕСПОТА СТЕФАНА ЛАЗАРЕВИЋА","151","","","1","0","1779015927"
"327","ДЕСПОТОВАЦ","ДЕСПОТОВАЦ","ДЕСПОТА СТЕФАНА ЛАЗАРЕВИЋА","152","","","2","0","1779015936"
"327","ДЕСПОТОВАЦ","ДЕСПОТОВАЦ","ДЕСПОТА СТЕФАНА ЛАЗАРЕВИЋА","153","","","7","0","1779015945"
"327","ДЕСПОТОВАЦ","ДЕСПОТОВАЦ","ДЕСПОТА СТЕФАНА ЛАЗАРЕВИЋА","154","","","2","0","1779015955"
"327","ДЕСПОТОВАЦ","ДЕСПОТОВАЦ","ДЕСПОТА СТЕФАНА ЛАЗАРЕВИЋА","156","","","1","0","1779015965"
"327","ДЕСПОТОВАЦ","ДЕСПОТОВАЦ","ДЕСПОТА СТЕФАНА ЛАЗАРЕВИЋА","157","","","3","0","1779015974"
"327","ДЕСПОТОВАЦ","ДЕСПОТОВАЦ","ДЕСПОТА СТЕФАНА ЛАЗАРЕВИЋА","159","","","4","0","1779015984"
"327","ДЕСПОТОВАЦ","ДЕСПОТОВАЦ","ДЕСПОТА СТЕФАНА ЛАЗАРЕВИЋА","160","","","5","0","1779015994"
"327","ДЕСПОТОВАЦ","ДЕСПОТОВАЦ","ДЕСПОТА СТЕФАНА ЛАЗАРЕВИЋА","161","","","4","0","1779016003"
"327","ДЕСПОТОВАЦ","ДЕСПОТОВАЦ","ДЕСПОТА СТЕФАНА ЛАЗАРЕВИЋА","162","","","1","0","1779016012"
"327","ДЕСПОТОВАЦ","ДЕСПОТОВАЦ","ДЕСПОТА СТЕФАНА ЛАЗАРЕВИЋА","164","","","3","0","1779016022"
"327","ДЕСПОТОВАЦ","ДЕСПОТОВАЦ","ДЕСПОТА СТЕФАНА ЛАЗАРЕВИЋА","165","","","5","0","1779016029"
"327","ДЕСПОТОВАЦ","ДЕСПОТОВАЦ","ДЕСПОТА СТЕФАНА ЛАЗАРЕВИЋА","166","","","1","0","1779016037"
"327","ДЕСПОТОВАЦ","ДЕСПОТОВАЦ","ДЕСПОТА СТЕФАНА ЛАЗАРЕВИЋА","167","","","7","0","1779016045"
"327","ДЕСПОТОВАЦ","ДЕСПОТОВАЦ","ДЕСПОТА СТЕФАНА ЛАЗАРЕВИЋА","168","","","8","0","1779016053"
"327","ДЕСПОТОВАЦ","ДЕСПОТОВАЦ","ДЕСПОТА СТЕФАНА ЛАЗАРЕВИЋА","171","","","1","0","1779016063"
"327","ДЕСПОТОВАЦ","ДЕСПОТОВАЦ","ДЕСПОТА СТЕФАНА ЛАЗАРЕВИЋА","175","","","2","0","1779016072"
"327","ДЕСПОТОВАЦ","ДЕСПОТОВАЦ","ДЕСПОТА СТЕФАНА ЛАЗАРЕВИЋА","176","","","1","0","1779016080"
"327","ДЕСПОТОВАЦ","ДЕСПОТОВАЦ","ДЕСПОТА СТЕФАНА ЛАЗАРЕВИЋА","177","","","2","0","1779016090"
"327","ДЕСПОТОВАЦ","ДЕСПОТОВАЦ","ДЕСПОТА СТЕФАНА ЛАЗАРЕВИЋА","178","","","1","0","1779016105"
"327","ДЕСПОТОВАЦ","ДЕСПОТОВАЦ","ДЕСПОТА СТЕФАНА ЛАЗАРЕВИЋА","181","","","1","0","1779016113"
"327","ДЕСПОТОВАЦ","ДЕСПОТОВАЦ","ДЕСПОТА СТЕФАНА ЛАЗАРЕВИЋА","182","","","12","0","1779016123"
"327","ДЕСПОТОВАЦ","ДЕСПОТОВАЦ","ДЕСПОТА СТЕФАНА ЛАЗАРЕВИЋА","183","","","4","0","1779016130"
"327","ДЕСПОТОВАЦ","ДЕСПОТОВАЦ","ДЕСПОТА СТЕФАНА ЛАЗАРЕВИЋА","184","","","3","0","1779016137"
"327","ДЕСПОТОВАЦ","ДЕСПОТОВАЦ","ДЕСПОТА СТЕФАНА ЛАЗАРЕВИЋА","186","","","7","0","1779016176"
"327","ДЕСПОТОВАЦ","ДЕСПОТОВАЦ","ДЕСПОТА СТЕФАНА ЛАЗАРЕВИЋА","191","","","4","0","1779016184"
"327","ДЕСПОТОВАЦ","ДЕСПОТОВАЦ","ЂУРЕ ЈАКШИЋА","8","","","4","0","1779016193"
"327","ДЕСПОТОВАЦ","ДЕСПОТОВАЦ","ЂУРЕ ЈАКШИЋА","12","","","1","0","1779016212"
"327","ДЕСПОТОВАЦ","ДЕСПОТОВАЦ","ЂУРЕ ЈАКШИЋА","14","","","1","0","1779016221"
"327","ДЕСПОТОВАЦ","ДЕСПОТОВАЦ","ЂУРЕ ЈАКШИЋА","18","","","2","0","1779016228"
"327","ДЕСПОТОВАЦ","ДЕСПОТОВАЦ","ЂУРЕ ЈАКШИЋА","20","","","3","0","1779016237"
"327","ДЕСПОТОВАЦ","ДЕСПОТОВАЦ","ЂУРЕ ЈАКШИЋА","22","","","2","0","1779016244"
"327","ДЕСПОТОВАЦ","ДЕСПОТОВАЦ","ЂУРЕ ЈАКШИЋА","24","","","2","0","1779016251"
"327","ДЕСПОТОВАЦ","ДЕСПОТОВАЦ","ЖЕЛЕЗНИЧКА","0","","","10","0","1779016261"
"327","ДЕСПОТОВАЦ","ДЕСПОТОВАЦ","ЖЕЛЕЗНИЧКА","1","","","3","0","1779016277"
"327","ДЕСПОТОВАЦ","ДЕСПОТОВАЦ","ЖЕЛЕЗНИЧКА","2","","","1","0","1779016286"
"327","ДЕСПОТОВАЦ","ДЕСПОТОВАЦ","ЖЕЛЕЗНИЧКА","3","","","1","0","1779016294"
"327","ДЕСПОТОВАЦ","ДЕСПОТОВАЦ","ЖЕЛЕЗНИЧКА","4","","","2","0","1779016302"
"327","ДЕСПОТОВАЦ","ДЕСПОТОВАЦ","ЖЕЛЕЗНИЧКА","5","","","2","0","1779016310"
"327","ДЕСПОТОВАЦ","ДЕСПОТОВАЦ","ЖЕЛЕЗНИЧКА","6","","","2","0","1779016321"
"327","ДЕСПОТОВАЦ","ДЕСПОТОВАЦ","ЖЕЛЕЗНИЧКА","12","","","3","0","1779016330"
"327","ДЕСПОТОВАЦ","ДЕСПОТОВАЦ","ЖЕЛЕЗНИЧКА","19","","","1","0","1779016340"
"327","ДЕСПОТОВАЦ","ДЕСПОТОВАЦ","ЗАНАТСКА","1","","","3","0","1779016353"
"327","ДЕСПОТОВАЦ","ДЕСПОТОВАЦ","ЗАНАТСКА","3","","","1","0","1779016360"
"327","ДЕСПОТОВАЦ","ДЕСПОТОВАЦ","ЗАНАТСКА","5","","","1","0","1779016370"
"327","ДЕСПОТОВАЦ","ДЕСПОТОВАЦ","ЗАНАТСКА","8","","","4","0","1779016377"
"327","ДЕСПОТОВАЦ","ДЕСПОТОВАЦ","ЗАНАТСКА","10","","","1","0","1779016385"
"327","ДЕСПОТОВАЦ","ДЕСПОТОВАЦ","ЗАНАТСКА","12","","","3","0","1779016392"
"327","ДЕСПОТОВАЦ","ДЕСПОТОВАЦ","ЗАНАТСКА","18","","","3","0","1779016408"
"327","ДЕСПОТОВАЦ","ДЕСПОТОВАЦ","ЗАНАТСКА","20","","","1","0","1779016417"
"327","ДЕСПОТОВАЦ","ДЕСПОТОВАЦ","ЗМАЈ ЈОВИНА","1","","","1","0","1779016425"
"327","ДЕСПОТОВАЦ","ДЕСПОТОВАЦ","ЗМАЈ ЈОВИНА","2","","","2","0","1779016436"
"327","ДЕСПОТОВАЦ","ДЕСПОТОВАЦ","ЗМАЈ ЈОВИНА","3","","","2","0","1779016444"
"327","ДЕСПОТОВАЦ","ДЕСПОТОВАЦ","ЗМАЈ ЈОВИНА","4","","","5","0","1779016453"
"327","ДЕСПОТОВАЦ","ДЕСПОТОВАЦ","ЗМАЈ ЈОВИНА","6","","","2","0","1779016504"
"327","ДЕСПОТОВАЦ","ДЕСПОТОВАЦ","ЗМАЈ ЈОВИНА","7","","","4","0","1779016547"
"327","ДЕСПОТОВАЦ","ДЕСПОТОВАЦ","ЗМАЈ ЈОВИНА","8","","","2","0","1779016554"
"327","ДЕСПОТОВАЦ","ДЕСПОТОВАЦ","ЗМАЈ ЈОВИНА","9","","","2","0","1779016562"
"327","ДЕСПОТОВАЦ","ДЕСПОТОВАЦ","ЗМАЈ ЈОВИНА","10","","","1","0","1779016571"
"327","ДЕСПОТОВАЦ","ДЕСПОТОВАЦ","ЗМАЈ ЈОВИНА","11","","","2","0","1779016580"
"327","ДЕСПОТОВАЦ","ДЕСПОТОВАЦ","ЗМАЈ ЈОВИНА","12","","","1","0","1779016587"
"327","ДЕСПОТОВАЦ","ДЕСПОТОВАЦ","ЗМАЈ ЈОВИНА","13","","","4","0","1779016594"
"327","ДЕСПОТОВАЦ","ДЕСПОТОВАЦ","ЗМАЈ ЈОВИНА","14","","","5","0","1779016601"
"327","ДЕСПОТОВАЦ","ДЕСПОТОВАЦ","ЗМАЈ ЈОВИНА","15","","","4","0","1779016608"
"327","ДЕСПОТОВАЦ","ДЕСПОТОВАЦ","ЗМАЈ ЈОВИНА","16","","","1","0","1779016616"
"327","ДЕСПОТОВАЦ","ДЕСПОТОВАЦ","ЗМАЈ ЈОВИНА","17","","","4","0","1779016624"
"327","ДЕСПОТОВАЦ","ДЕСПОТОВАЦ","ЗМАЈ ЈОВИНА","18","","","2","0","1779016634"
"327","ДЕСПОТОВАЦ","ДЕСПОТОВАЦ","ЗМАЈ ЈОВИНА","19","","","2","0","1779016643"
"327","ДЕСПОТОВАЦ","ДЕСПОТОВАЦ","ЗМАЈ ЈОВИНА","20","","","4","0","1779016652"
"327","ДЕСПОТОВАЦ","ДЕСПОТОВАЦ","ЗМАЈ ЈОВИНА","21","","","2","0","1779016660"
"327","ДЕСПОТОВАЦ","ДЕСПОТОВАЦ","ЗМАЈ ЈОВИНА","23","","","2","0","1779016726"
"327","ДЕСПОТОВАЦ","ДЕСПОТОВАЦ","ЗМАЈ ЈОВИНА","25","","","1","0","1779016734"
"327","ДЕСПОТОВАЦ","ДЕСПОТОВАЦ","ЗМАЈ ЈОВИНА","26","","","1","0","1779016742"
"327","ДЕСПОТОВАЦ","ДЕСПОТОВАЦ","ЗМАЈ ЈОВИНА","27","","","3","0","1779016753"
"327","ДЕСПОТОВАЦ","ДЕСПОТОВАЦ","ЗМАЈ ЈОВИНА","28","","","3","0","1779016760"
"327","ДЕСПОТОВАЦ","ДЕСПОТОВАЦ","ЗМАЈ ЈОВИНА","29","","","5","0","1779016768"
"327","ДЕСПОТОВАЦ","ДЕСПОТОВАЦ","ЗМАЈ ЈОВИНА","30","","","2","0","1779016777"
"327","ДЕСПОТОВАЦ","ДЕСПОТОВАЦ","ЗМАЈ ЈОВИНА","31","","","3","0","1779016786"
"327","ДЕСПОТОВАЦ","ДЕСПОТОВАЦ","ЗМАЈ ЈОВИНА","32","","","2","0","1779016795"
"327","ДЕСПОТОВАЦ","ДЕСПОТОВАЦ","ЗМАЈ ЈОВИНА","33","","","2","0","1779016814"
"327","ДЕСПОТОВАЦ","ДЕСПОТОВАЦ","ЗМАЈ ЈОВИНА","34","","","5","0","1779016822"
"327","ДЕСПОТОВАЦ","ДЕСПОТОВАЦ","ЗМАЈ ЈОВИНА","35","","","3","0","1779016831"
"327","ДЕСПОТОВАЦ","ДЕСПОТОВАЦ","ЗМАЈ ЈОВИНА","36","","","4","0","1779016837"
"327","ДЕСПОТОВАЦ","ДЕСПОТОВАЦ","ЗМАЈ ЈОВИНА","37","","","2","0","1779016846"
"327","ДЕСПОТОВАЦ","ДЕСПОТОВАЦ","ЗМАЈ ЈОВИНА","38","","","5","0","1779016855"
"327","ДЕСПОТОВАЦ","ДЕСПОТОВАЦ","ЗМАЈ ЈОВИНА","39","","","4","0","1779016864"
"327","ДЕСПОТОВАЦ","ДЕСПОТОВАЦ","ЗМАЈ ЈОВИНА","40","","","4","0","1779016871"
"327","ДЕСПОТОВАЦ","ДЕСПОТОВАЦ","ЗМАЈ ЈОВИНА","41","","","4","0","1779016880"
"327","ДЕСПОТОВАЦ","ДЕСПОТОВАЦ","ЗМАЈ ЈОВИНА","43","","","2","0","1779016888"
"327","ДЕСПОТОВАЦ","ДЕСПОТОВАЦ","ЗМАЈ ЈОВИНА","45","","","3","0","1779016896"
"327","ДЕСПОТОВАЦ","ДЕСПОТОВАЦ","ЗМАЈ ЈОВИНА","47","","","2","0","1779016905"
"327","ДЕСПОТОВАЦ","ДЕСПОТОВАЦ","ЗМАЈ ЈОВИНА","49","","","1","2","1779016912"
"327","ДЕСПОТОВАЦ","ДЕСПОТОВАЦ","ИВАНКОВАЧКА","8","","","1","0","1779016960"
"327","ДЕСПОТОВАЦ","ДЕСПОТОВАЦ","ИВАНКОВАЧКА","10","","","4","0","1779016977"
"327","ДЕСПОТОВАЦ","ДЕСПОТОВАЦ","ДЕСПОТА СТЕФАНА ЛАЗАРЕВИЋА","90","","","1","0","1779017861"
"327","ДЕСПОТОВАЦ","ДЕСПОТОВАЦ","ЗМАЈ ЈОВИНА","5","","","4","0","1779017870"
"327","ДЕСПОТОВАЦ","ДЕСПОТОВАЦ","ЗМАЈ ЈОВИНА","22","","","5","0","1779017882"
"327","ДЕСПОТОВАЦ","ДЕСПОТОВАЦ","ИВАНКОВАЧКА","4","","","1","0","1779017893"
"327","ДЕСПОТОВАЦ","ДЕСПОТОВАЦ","ИВАНКОВАЧКА","11","","","3","0","1779017900"
"327","ДЕСПОТОВАЦ","ДЕСПОТОВАЦ","ИВАНКОВАЧКА","12","","","1","0","1779017910"
"327","ДЕСПОТОВАЦ","ДЕСПОТОВАЦ","КАРАЂОРЂЕВА","0","","","11","0","1779017917"
"327","ДЕСПОТОВАЦ","ДЕСПОТОВАЦ","КАРАЂОРЂЕВА","1","","","1","0","1779017925"
"327","ДЕСПОТОВАЦ","ДЕСПОТОВАЦ","КАРАЂОРЂЕВА","3","","","1","0","1779017933"
"327","ДЕСПОТОВАЦ","ДЕСПОТОВАЦ","КАРАЂОРЂЕВА","5","","","3","0","1779017942"
"327","ДЕСПОТОВАЦ","ДЕСПОТОВАЦ","КАРАЂОРЂЕВА","7","","","2","0","1779017951"
"327","ДЕСПОТОВАЦ","ДЕСПОТОВАЦ","КАРАЂОРЂЕВА","10","","","4","0","1779018013"
"327","ДЕСПОТОВАЦ","ДЕСПОТОВАЦ","КАРАЂОРЂЕВА","12","","","4","0","1779018023"
"327","ДЕСПОТОВАЦ","ДЕСПОТОВАЦ","КАРАЂОРЂЕВА","13","","","5","0","1779018034"
"327","ДЕСПОТОВАЦ","ДЕСПОТОВАЦ","КАРАЂОРЂЕВА","14","","","2","0","1779018041"
"327","ДЕСПОТОВАЦ","ДЕСПОТОВАЦ","КАРАЂОРЂЕВА","15","","","2","0","1779018055"
"327","ДЕСПОТОВАЦ","ДЕСПОТОВАЦ","КАРАЂОРЂЕВА","16","","","3","0","1779018067"
"327","ДЕСПОТОВАЦ","ДЕСПОТОВАЦ","КАРАЂОРЂЕВА","17","","","1","0","1779018076"
"327","ДЕСПОТОВАЦ","ДЕСПОТОВАЦ","КАРАЂОРЂЕВА","18","","","2","0","1779018084"
"327","ДЕСПОТОВАЦ","ДЕСПОТОВАЦ","КАРАЂОРЂЕВА","19","","","5","0","1779018096"
"327","ДЕСПОТОВАЦ","ДЕСПОТОВАЦ","КАРАЂОРЂЕВА","20","","","2","0","1779018105"
"327","ДЕСПОТОВАЦ","ДЕСПОТОВАЦ","КАРАЂОРЂЕВА","21","","","3","0","1779018113"
"327","ДЕСПОТОВАЦ","ДЕСПОТОВАЦ","КАРАЂОРЂЕВА","22","","","1","0","1779018118"
"327","ДЕСПОТОВАЦ","ДЕСПОТОВАЦ","КАРАЂОРЂЕВА","23","","","2","0","1779018127"
"327","ДЕСПОТОВАЦ","ДЕСПОТОВАЦ","КАРАЂОРЂЕВА","26","","","1","0","1779018181"
"327","ДЕСПОТОВАЦ","ДЕСПОТОВАЦ","КАРАЂОРЂЕВА","27","","","3","0","1779018190"
"327","ДЕСПОТОВАЦ","ДЕСПОТОВАЦ","КАРАЂОРЂЕВА","28","","","1","0","1779018199"
"327","ДЕСПОТОВАЦ","ДЕСПОТОВАЦ","КАРАЂОРЂЕВА","29","","","2","0","1779018206"
"327","ДЕСПОТОВАЦ","ДЕСПОТОВАЦ","КАРАЂОРЂЕВА","30","","","3","0","1779018215"
"327","ДЕСПОТОВАЦ","ДЕСПОТОВАЦ","КНЕЗА МИЛОША","0","","","64","0","1779018225"
"327","ДЕСПОТОВАЦ","ДЕСПОТОВАЦ","КНЕЗА МИЛОША","3","","","1","0","1779018231"
"327","ДЕСПОТОВАЦ","ДЕСПОТОВАЦ","КНЕЗА МИЛОША","10","","","2","0","1779018239"
"327","ДЕСПОТОВАЦ","ДЕСПОТОВАЦ","КНЕЗА МИЛОША","11","","","2","0","1779018247"
"327","ДЕСПОТОВАЦ","ДЕСПОТОВАЦ","КНЕЗА МИЛОША","12","","","1","0","1779018261"
"327","ДЕСПОТОВАЦ","ДЕСПОТОВАЦ","КНЕЗА МИЛОША","13","","","1","0","1779018268"
"327","ДЕСПОТОВАЦ","ДЕСПОТОВАЦ","КНЕЗА МИЛОША","15","","","2","0","1779018284"
"327","ДЕСПОТОВАЦ","ДЕСПОТОВАЦ","КНЕЗА МИЛОША","18","","","1","0","1779018293"
"327","ДЕСПОТОВАЦ","ДЕСПОТОВАЦ","КНЕЗА МИЛОША","19","","","2","0","1779018301"
"327","ДЕСПОТОВАЦ","ДЕСПОТОВАЦ","КНЕЗА МИЛОША","22","","","1","0","1779018309"
"327","ДЕСПОТОВАЦ","ДЕСПОТОВАЦ","КНЕЗА МИЛОША","25","","","1","0","1779018318"
"327","ДЕСПОТОВАЦ","ДЕСПОТОВАЦ","КНЕЗА МИЛОША","26","","","1","0","1779018327"
"327","ДЕСПОТОВАЦ","ДЕСПОТОВАЦ","КНЕЗА МИЛОША","29","","","2","0","1779018337"
"327","ДЕСПОТОВАЦ","ДЕСПОТОВАЦ","КАРАЂОРЂЕВА","9","","","3","0","1779018535"
"327","ДЕСПОТОВАЦ","ДЕСПОТОВАЦ","КАРАЂОРЂЕВА","25","","","3","0","1779018544"
"327","ДЕСПОТОВАЦ","ДЕСПОТОВАЦ","КНЕЗА МИЛОША","30","","","4","0","1779018557"
"327","ДЕСПОТОВАЦ","ДЕСПОТОВАЦ","КНЕЗА МИЛОША","32","","","3","0","1779018571"
"327","ДЕСПОТОВАЦ","ДЕСПОТОВАЦ","КНЕЗА МИЛОША","33","","","1","0","1779018589"
"327","ДЕСПОТОВАЦ","ДЕСПОТОВАЦ","КНЕЗА МИЛОША","34","","","2","0","1779018602"
"327","ДЕСПОТОВАЦ","ДЕСПОТОВАЦ","КНЕЗА МИЛОША","37","","","1","0","1779018615"
"327","ДЕСПОТОВАЦ","ДЕСПОТОВАЦ","КНЕЗА МИЛОША","43","","","1","0","1779018626"
"327","ДЕСПОТОВАЦ","ДЕСПОТОВАЦ","КНЕЗА МИЛОША","47","","","1","0","1779018637"
"327","ДЕСПОТОВАЦ","ДЕСПОТОВАЦ","КОЛУБАРСКА","2","","","2","0","1779018647"
"327","ДЕСПОТОВАЦ","ДЕСПОТОВАЦ","КОЛУБАРСКА","4","","","2","0","1779018658"
"327","ДЕСПОТОВАЦ","ДЕСПОТОВАЦ","КОЛУБАРСКА","6","","","1","0","1779018670"
"327","ДЕСПОТОВАЦ","ДЕСПОТОВАЦ","КРАЉА МИЛАНА","0","","","9","0","1779018680"
"327","ДЕСПОТОВАЦ","ДЕСПОТОВАЦ","КРАЉА МИЛАНА","1","","","1","0","1779018689"
"327","ДЕСПОТОВАЦ","ДЕСПОТОВАЦ","КРАЉА МИЛАНА","4","","","1","0","1779018700"
"327","ДЕСПОТОВАЦ","ДЕСПОТОВАЦ","КРАЉА МИЛАНА","7","","","7","0","1779018710"
"327","ДЕСПОТОВАЦ","ДЕСПОТОВАЦ","КРАЉА МИЛАНА","8","","","2","0","1779018720"
"327","ДЕСПОТОВАЦ","ДЕСПОТОВАЦ","КРАЉА МИЛАНА","11","","","25","0","1779018727"
"327","ДЕСПОТОВАЦ","ДЕСПОТОВАЦ","МАРЕ РЕСАВКИЊЕ","1","","","25","0","1779018741"
"327","ДЕСПОТОВАЦ","ДЕСПОТОВАЦ","МАРЕ РЕСАВКИЊЕ","2","","","1","0","1779018752"
"327","ДЕСПОТОВАЦ","ДЕСПОТОВАЦ","МАРЕ РЕСАВКИЊЕ","4","","","8","0","1779018762"
"327","ДЕСПОТОВАЦ","ДЕСПОТОВАЦ","МАРЕ РЕСАВКИЊЕ","6","","","1","0","1779018773"
"327","ДЕСПОТОВАЦ","ДЕСПОТОВАЦ","МАРЕ РЕСАВКИЊЕ","8","","","2","0","1779018783"
"327","ДЕСПОТОВАЦ","ДЕСПОТОВАЦ","МАРЕ РЕСАВКИЊЕ","10","","","2","0","1779018790"
"327","ДЕСПОТОВАЦ","ДЕСПОТОВАЦ","МАРЕ РЕСАВКИЊЕ","14","","","4","0","1779018798"
"327","ДЕСПОТОВАЦ","ДЕСПОТОВАЦ","МАРЕ РЕСАВКИЊЕ","16","","","1","0","1779018809"
"327","ДЕСПОТОВАЦ","ДЕСПОТОВАЦ","МАРЕ РЕСАВКИЊЕ","18","","","2","0","1779018820"
"327","ДЕСПОТОВАЦ","ДЕСПОТОВАЦ","МИЛОСАВА ЗДРАВКОВИЋА РЕСАВЦА","1","","","16","0","1779018831"
"327","ДЕСПОТОВАЦ","ДЕСПОТОВАЦ","МИЛОСАВА ЗДРАВКОВИЋА РЕСАВЦА","3","","","4","0","1779018842"
"327","ДЕСПОТОВАЦ","ДЕСПОТОВАЦ","МИЛОСАВА ЗДРАВКОВИЋА РЕСАВЦА","4","","","1","0","1779018850"
"327","ДЕСПОТОВАЦ","ДЕСПОТОВАЦ","МИЛОСАВА ЗДРАВКОВИЋА РЕСАВЦА","5","","","9","0","1779018861"
"327","ДЕСПОТОВАЦ","ДЕСПОТОВАЦ","МИЛОСАВА ЗДРАВКОВИЋА РЕСАВЦА","6","","","11","0","1779018876"
"327","ДЕСПОТОВАЦ","ДЕСПОТОВАЦ","МИЛОСАВА ЗДРАВКОВИЋА РЕСАВЦА","8","","","2","0","1779018888"
"327","ДЕСПОТОВАЦ","ДЕСПОТОВАЦ","МИЛОСАВА ЗДРАВКОВИЋА РЕСАВЦА","11","","","2","0","1779018896"
"327","ДЕСПОТОВАЦ","ДЕСПОТОВАЦ","МИЛОСАВА ЗДРАВКОВИЋА РЕСАВЦА","12","","","1","0","1779018906"
"327","ДЕСПОТОВАЦ","ДЕСПОТОВАЦ","МИЛОШ ОБИЛИЋ","1","","","2","0","1779018915"
"327","ДЕСПОТОВАЦ","ДЕСПОТОВАЦ","МИЛОШ ОБИЛИЋ","3","","","1","0","1779018926"
"327","ДЕСПОТОВАЦ","ДЕСПОТОВАЦ","МИЛОШ ОБИЛИЋ","5","","","2","0","1779018939"
"327","ДЕСПОТОВАЦ","ДЕСПОТОВАЦ","МИЛОШ ОБИЛИЋ","11","","","2","0","1779018949"
"327","ДЕСПОТОВАЦ","ДЕСПОТОВАЦ","МИЛОШ ОБИЛИЋ","15","","","4","0","1779018964"
"327","ДЕСПОТОВАЦ","ДЕСПОТОВАЦ","МОРАВСКА","0","","","27","1","1779018973"
"327","ДЕСПОТОВАЦ","ДЕСПОТОВАЦ","МОРАВСКА","1","","","8","0","1779018983"
"327","ДЕСПОТОВАЦ","ДЕСПОТОВАЦ","МОРАВСКА","2","","","4","0","1779018990"
"327","ДЕСПОТОВАЦ","ДЕСПОТОВАЦ","МОРАВСКА","4","","","3","0","1779019035"
"327","ДЕСПОТОВАЦ","ДЕСПОТОВАЦ","МОРАВСКА","5","","","1","0","1779019044"
"327","ДЕСПОТОВАЦ","ДЕСПОТОВАЦ","МОРАВСКА","6","","","3","0","1779019051"
"327","ДЕСПОТОВАЦ","ДЕСПОТОВАЦ","МОРАВСКА","7","","","4","0","1779019071"
"327","ДЕСПОТОВАЦ","ДЕСПОТОВАЦ","МОРАВСКА","10","","","17","0","1779019090"
"327","ДЕСПОТОВАЦ","ДЕСПОТОВАЦ","МОРАВСКА","11","","","1","0","1779019100"
"327","ДЕСПОТОВАЦ","ДЕСПОТОВАЦ","МОРАВСКА","12","","","22","0","1779019110"
"327","ДЕСПОТОВАЦ","ДЕСПОТОВАЦ","МОРАВСКА","13","","","1","0","1779019118"
"327","ДЕСПОТОВАЦ","ДЕСПОТОВАЦ","МОРАВСКА","14","","","1","0","1779019128"
"327","ДЕСПОТОВАЦ","ДЕСПОТОВАЦ","МОРАВСКА","15","","","2","0","1779019139"
"327","ДЕСПОТОВАЦ","ДЕСПОТОВАЦ","МОРАВСКА","16","","","46","0","1779019149"
"327","ДЕСПОТОВАЦ","ДЕСПОТОВАЦ","МОРАВСКА","17","","","4","0","1779019161"
"327","ДЕСПОТОВАЦ","ДЕСПОТОВАЦ","МОРАВСКА","21","","","3","0","1779019173"
"327","ДЕСПОТОВАЦ","ДЕСПОТОВАЦ","МОРАВСКА","23","","","1","0","1779019186"
"327","ДЕСПОТОВАЦ","ДЕСПОТОВАЦ","МОРАВСКА","25","","","4","0","1779019195"
"327","ДЕСПОТОВАЦ","ДЕСПОТОВАЦ","МОРАВСКА","26","","","27","0","1779019204"
"327","ДЕСПОТОВАЦ","ДЕСПОТОВАЦ","МОРАВСКА","27","","","2","0","1779019214"
"327","ДЕСПОТОВАЦ","ДЕСПОТОВАЦ","МОРАВСКА","28","","","1","0","1779019230"
"327","ДЕСПОТОВАЦ","ДЕСПОТОВАЦ","МОРАВСКА","29","","","4","0","1779019241"
"327","ДЕСПОТОВАЦ","ДЕСПОТОВАЦ","МОРАВСКА","30","","","3","0","1779019251"
"327","ДЕСПОТОВАЦ","ДЕСПОТОВАЦ","МОРАВСКА","31","","","1","0","1779019263"
"327","ДЕСПОТОВАЦ","ДЕСПОТОВАЦ","МОРАВСКА","34","","","2","0","1779019270"
"327","ДЕСПОТОВАЦ","ДЕСПОТОВАЦ","МОРАВСКА","35","","","2","0","1779019280"
"327","ДЕСПОТОВАЦ","ДЕСПОТОВАЦ","МОРАВСКА","36","","","1","0","1779019289"
"327","ДЕСПОТОВАЦ","ДЕСПОТОВАЦ","МОРАВСКА","37","","","2","0","1779019299"
"327","ДЕСПОТОВАЦ","ДЕСПОТОВАЦ","МОРАВСКА","40","","","3","0","1779019308"
"327","ДЕСПОТОВАЦ","ДЕСПОТОВАЦ","МОРАВСКА","41","","","6","0","1779019318"
"327","ДЕСПОТОВАЦ","ДЕСПОТОВАЦ","МОРАВСКА","42","","","2","0","1779019331"
"327","ДЕСПОТОВАЦ","ДЕСПОТОВАЦ","МОРАВСКА","43","","","2","0","1779019340"
"327","ДЕСПОТОВАЦ","ДЕСПОТОВАЦ","МОРАВСКА","44","","","6","0","1779019352"
"327","ДЕСПОТОВАЦ","ДЕСПОТОВАЦ","МОРАВСКА","46","","","1","0","1779019364"
"327","ДЕСПОТОВАЦ","ДЕСПОТОВАЦ","МОРАВСКА","47","","","4","0","1779019371"
"327","ДЕСПОТОВАЦ","ДЕСПОТОВАЦ","МОРАВСКА","48","","","3","0","1779019380"
"327","ДЕСПОТОВАЦ","ДЕСПОТОВАЦ","МОРАВСКА","51","","","5","0","1779019386"
"327","ДЕСПОТОВАЦ","ДЕСПОТОВАЦ","МОРАВСКА","52","","","2","0","1779019393"
"327","ДЕСПОТОВАЦ","ДЕСПОТОВАЦ","МОРАВСКА","54","","","2","0","1779019407"
"327","ДЕСПОТОВАЦ","ДЕСПОТОВАЦ","МОРАВСКА","55","","","2","0","1779019416"
"327","ДЕСПОТОВАЦ","ДЕСПОТОВАЦ","МОРАВСКА","57","","","3","0","1779019429"
"327","ДЕСПОТОВАЦ","ДЕСПОТОВАЦ","МОРАВСКА","58","","","1","0","1779019437"
"327","ДЕСПОТОВАЦ","ДЕСПОТОВАЦ","МОРАВСКА","59","","","3","0","1779019445"
"327","ДЕСПОТОВАЦ","ДЕСПОТОВАЦ","МОРАВСКА","60","","","1","0","1779019458"
"327","ДЕСПОТОВАЦ","ДЕСПОТОВАЦ","МОРАВСКА","62","","","2","0","1779019469"
"327","ДЕСПОТОВАЦ","ДЕСПОТОВАЦ","МОРАВСКА","63","","","2","0","1779019479"
"327","ДЕСПОТОВАЦ","ДЕСПОТОВАЦ","МОРАВСКА","64","","","2","0","1779019492"
"327","ДЕСПОТОВАЦ","ДЕСПОТОВАЦ","МОРАВСКА","65","","","2","0","1779019501"
"327","ДЕСПОТОВАЦ","ДЕСПОТОВАЦ","МОРАВСКА","67","","","26","0","1779019514"
"327","ДЕСПОТОВАЦ","ДЕСПОТОВАЦ","МОРАВСКА","71","","","4","0","1779019574"
"327","ДЕСПОТОВАЦ","ДЕСПОТОВАЦ","МОРАВСКА","73","","","1","0","1779019587"
"327","ДЕСПОТОВАЦ","ДЕСПОТОВАЦ","МОРАВСКА","75","","","1","0","1779019598"
"327","ДЕСПОТОВАЦ","ДЕСПОТОВАЦ","МОРАВСКА","79","","","1","0","1779019609"
"327","ДЕСПОТОВАЦ","ДЕСПОТОВАЦ","МОРАВСКА","81","","","1","0","1779019619"
"327","ДЕСПОТОВАЦ","ДЕСПОТОВАЦ","МОРАВСКА","89","","","3","0","1779019629"
"327","ДЕСПОТОВАЦ","ДЕСПОТОВАЦ","МОРАВСКА","91","","","5","0","1779019641"
"327","ДЕСПОТОВАЦ","ДЕСПОТОВАЦ","МОРАВСКА","95","","","2","0","1779019653"
"327","ДЕСПОТОВАЦ","ДЕСПОТОВАЦ","МОРАВСКА","97","","","3","0","1779019660"
"327","ДЕСПОТОВАЦ","ДЕСПОТОВАЦ","МОРАВСКА","99","","","3","0","1779019685"
"327","ДЕСПОТОВАЦ","ДЕСПОТОВАЦ","МОРАВСКА","101","","","6","0","1779019695"
"327","ДЕСПОТОВАЦ","ДЕСПОТОВАЦ","МОРАВСКА","103","","","5","0","1779019707"
"327","ДЕСПОТОВАЦ","ДЕСПОТОВАЦ","МОРАВСКА","109","","","3","0","1779019717"
"327","ДЕСПОТОВАЦ","ДЕСПОТОВАЦ","МОРАВСКА","113","","","4","0","1779019723"
"327","ДЕСПОТОВАЦ","ДЕСПОТОВАЦ","МОРАВСКА","115","","","3","0","1779019730"
"327","ДЕСПОТОВАЦ","ДЕСПОТОВАЦ","НЕМАЊИНА","0","","","5","0","1779019740"
"327","ДЕСПОТОВАЦ","ДЕСПОТОВАЦ","НЕМАЊИНА","1","","","3","0","1779019753"
"327","ДЕСПОТОВАЦ","ДЕСПОТОВАЦ","НЕМАЊИНА","2","","","18","0","1779019763"
"327","ДЕСПОТОВАЦ","ДЕСПОТОВАЦ","НЕМАЊИНА","3","","","2","0","1779019770"
"327","ДЕСПОТОВАЦ","ДЕСПОТОВАЦ","НЕМАЊИНА","4","","","1","0","1779019780"
"327","ДЕСПОТОВАЦ","ДЕСПОТОВАЦ","НИКОЛЕ ПАШИЋА","1","","","3","0","1779019791"
"327","ДЕСПОТОВАЦ","ДЕСПОТОВАЦ","НИКОЛЕ ПАШИЋА","3","","","1","0","1779019802"
"327","ДЕСПОТОВАЦ","ДЕСПОТОВАЦ","НИКОЛЕ ПАШИЋА","11","","","2","0","1779019812"
"327","ДЕСПОТОВАЦ","ДЕСПОТОВАЦ","НИКОЛЕ ПАШИЋА","13","","","1","0","1779019829"
"327","ДЕСПОТОВАЦ","ДЕСПОТОВАЦ","НИКОЛЕ ПАШИЋА","21","","","1","0","1779019839"
"327","ДЕСПОТОВАЦ","ДЕСПОТОВАЦ","НИКОЛЕ ПАШИЋА","23","","","3","0","1779019847"
"327","ДЕСПОТОВАЦ","ДЕСПОТОВАЦ","НИКОЛЕ ПАШИЋА","25","","","4","0","1779019855"
"327","ДЕСПОТОВАЦ","ДЕСПОТОВАЦ","НИКОЛЕ ПАШИЋА","39","","","3","0","1779019865"
"327","ДЕСПОТОВАЦ","ДЕСПОТОВАЦ","НИКОЛЕ ПАШИЋА","41","","","3","0","1779019878"
"327","ДЕСПОТОВАЦ","ДЕСПОТОВАЦ","ОМЛАДИНСКА","0","","","1","0","1779019891"
"327","ДЕСПОТОВАЦ","ДЕСПОТОВАЦ","ОМЛАДИНСКА","1","","","1","0","1779019905"
"327","ДЕСПОТОВАЦ","ДЕСПОТОВАЦ","ОМЛАДИНСКА","2","","","2","0","1779019917"
"327","ДЕСПОТОВАЦ","ДЕСПОТОВАЦ","ОМЛАДИНСКА","3","","","4","0","1779019927"
"327","ДЕСПОТОВАЦ","ДЕСПОТОВАЦ","ОМЛАДИНСКА","5","","","5","0","1779019936"
"327","ДЕСПОТОВАЦ","ДЕСПОТОВАЦ","ОМЛАДИНСКА","6","","","1","0","1779019943"
"327","ДЕСПОТОВАЦ","ДЕСПОТОВАЦ","ОМЛАДИНСКА","7","","","1","0","1779019952"
"327","ДЕСПОТОВАЦ","ДЕСПОТОВАЦ","ОМЛАДИНСКА","10","","","5","0","1779019968"
"327","ДЕСПОТОВАЦ","ДЕСПОТОВАЦ","ОМЛАДИНСКА","11","","","2","0","1779019980"
"327","ДЕСПОТОВАЦ","ДЕСПОТОВАЦ","ОМЛАДИНСКА","12","","","6","0","1779019988"
"327","ДЕСПОТОВАЦ","ДЕСПОТОВАЦ","ОМЛАДИНСКА","13","","","2","0","1779020002"
"327","ДЕСПОТОВАЦ","ДЕСПОТОВАЦ","ОМЛАДИНСКА","14","","","1","0","1779020012"
"327","ДЕСПОТОВАЦ","ДЕСПОТОВАЦ","ОМЛАДИНСКА","15","","","1","0","1779020026"
"327","ДЕСПОТОВАЦ","ДЕСПОТОВАЦ","ОМЛАДИНСКА","16","","","3","0","1779020036"
"327","ДЕСПОТОВАЦ","ДЕСПОТОВАЦ","ОМЛАДИНСКА","17","","","5","0","1779020049"
"327","ДЕСПОТОВАЦ","ДЕСПОТОВАЦ","ОМЛАДИНСКА","18","","","4","0","1779020060"
"327","ДЕСПОТОВАЦ","ДЕСПОТОВАЦ","ОМЛАДИНСКА","19","","","1","0","1779020075"
"327","ДЕСПОТОВАЦ","ДЕСПОТОВАЦ","КНЕЗА МИЛОША","35","","","1","0","1779020206"
"327","ДЕСПОТОВАЦ","ДЕСПОТОВАЦ","МОРАВСКА","3","","","2","0","1779020217"
"327","ДЕСПОТОВАЦ","ДЕСПОТОВАЦ","МОРАВСКА","8","","","16","0","1779020224"
"327","ДЕСПОТОВАЦ","ДЕСПОТОВАЦ","МОРАВСКА","69","","","1","0","1779020243"
"327","ДЕСПОТОВАЦ","ДЕСПОТОВАЦ","НЕМАЊИНА","5","","","1","0","1779020251"
"327","ДЕСПОТОВАЦ","ДЕСПОТОВАЦ","ОМЛАДИНСКА","9","","","2","0","1779020261"
"327","ДЕСПОТОВАЦ","ДЕСПОТОВАЦ","ОМЛАДИНСКА","20","","","5","0","1779020271"
"327","ДЕСПОТОВАЦ","ДЕСПОТОВАЦ","ОМЛАДИНСКА","21","","","5","0","1779020284"
"327","ДЕСПОТОВАЦ","ДЕСПОТОВАЦ","ОМЛАДИНСКА","22","","","5","0","1779020290"
"327","ДЕСПОТОВАЦ","ДЕСПОТОВАЦ","ОМЛАДИНСКА","23","","","5","0","1779020300"
"327","ДЕСПОТОВАЦ","ДЕСПОТОВАЦ","ОМЛАДИНСКА","24","","","6","0","1779020311"
"327","ДЕСПОТОВАЦ","ДЕСПОТОВАЦ","ОМЛАДИНСКА","25","","","4","0","1779020319"
"327","ДЕСПОТОВАЦ","ДЕСПОТОВАЦ","ОМЛАДИНСКА","26","","","2","0","1779020346"
"327","ДЕСПОТОВАЦ","ДЕСПОТОВАЦ","ОМЛАДИНСКА","27","","","3","0","1779020356"
"327","ДЕСПОТОВАЦ","ДЕСПОТОВАЦ","ОМЛАДИНСКА","28","","","5","0","1779020365"
"327","ДЕСПОТОВАЦ","ДЕСПОТОВАЦ","ОМЛАДИНСКА","29","","","5","0","1779020373"
"327","ДЕСПОТОВАЦ","ДЕСПОТОВАЦ","ОМЛАДИНСКА","30","","","3","0","1779020385"
"327","ДЕСПОТОВАЦ","ДЕСПОТОВАЦ","ОМЛАДИНСКА","31","","","1","0","1779020395"
"327","ДЕСПОТОВАЦ","ДЕСПОТОВАЦ","ОМЛАДИНСКА","32","","","1","0","1779020406"
"327","ДЕСПОТОВАЦ","ДЕСПОТОВАЦ","ОМЛАДИНСКА","33","","","4","0","1779020417"
"327","ДЕСПОТОВАЦ","ДЕСПОТОВАЦ","ОМЛАДИНСКА","34","","","5","0","1779020427"
"327","ДЕСПОТОВАЦ","ДЕСПОТОВАЦ","ОМЛАДИНСКА","35","","","3","0","1779020435"
"327","ДЕСПОТОВАЦ","ДЕСПОТОВАЦ","ОМЛАДИНСКА","36","","","1","0","1779020444"
"327","ДЕСПОТОВАЦ","ДЕСПОТОВАЦ","ОМЛАДИНСКА","39","","","4","0","1779020482"
"327","ДЕСПОТОВАЦ","ДЕСПОТОВАЦ","ОПЛЕНАЧКА","0","","","2","0","1779020492"
"327","ДЕСПОТОВАЦ","ДЕСПОТОВАЦ","ОРАШЈЕ","1","","","1","0","1779020502"
"327","ДЕСПОТОВАЦ","ДЕСПОТОВАЦ","ОРАШЈЕ","5","","","3","0","1779020514"
"327","ДЕСПОТОВАЦ","ДЕСПОТОВАЦ","ОРАШЈЕ","14","","","1","0","1779020527"
"327","ДЕСПОТОВАЦ","ДЕСПОТОВАЦ","ОРАШЈЕ","24","","","2","0","1779020542"
"327","ДЕСПОТОВАЦ","ДЕСПОТОВАЦ","ОРАШЈЕ","29","","","1","0","1779020556"
"327","ДЕСПОТОВАЦ","ДЕСПОТОВАЦ","ПЕТРА ДРАПШИНА","0","","","1","0","1779020567"
"327","ДЕСПОТОВАЦ","ДЕСПОТОВАЦ","ПЕТРА ДРАПШИНА","6","","","1","0","1779020577"
"327","ДЕСПОТОВАЦ","ДЕСПОТОВАЦ","ПРОЛЕТЕРСКА","0","","","14","0","1779020595"
"327","ДЕСПОТОВАЦ","ДЕСПОТОВАЦ","ПРОЛЕТЕРСКА","1","","","4","0","1779020607"
"327","ДЕСПОТОВАЦ","ДЕСПОТОВАЦ","ПРОЛЕТЕРСКА","2","","","1","0","1779020619"
"327","ДЕСПОТОВАЦ","ДЕСПОТОВАЦ","ПРОЛЕТЕРСКА","3","","","1","0","1779020633"
"327","ДЕСПОТОВАЦ","ДЕСПОТОВАЦ","ПРОЛЕТЕРСКА","4","","","4","0","1779020643"
"327","ДЕСПОТОВАЦ","ДЕСПОТОВАЦ","ПРОЛЕТЕРСКА","5","","","3","0","1779020650"
"327","ДЕСПОТОВАЦ","ДЕСПОТОВАЦ","ПРОЛЕТЕРСКА","6","","","4","0","1779020660"
"327","ДЕСПОТОВАЦ","ДЕСПОТОВАЦ","ПРОЛЕТЕРСКА","8","","","2","0","1779020681"
"327","ДЕСПОТОВАЦ","ДЕСПОТОВАЦ","ПРОЛЕТЕРСКА","10","","","4","0","1779020694"
"327","ДЕСПОТОВАЦ","ДЕСПОТОВАЦ","ПРОЛЕТЕРСКА","12","","","1","0","1779020706"
"327","ДЕСПОТОВАЦ","ДЕСПОТОВАЦ","ПРОЛЕТЕРСКА","14","","","1","0","1779020718"
"327","ДЕСПОТОВАЦ","ДЕСПОТОВАЦ","ОМЛАДИНСКА","37","","","1","0","1779020835"
"327","ДЕСПОТОВАЦ","ДЕСПОТОВАЦ","ПРОЛЕТЕРСКА","16","","","1","0","1779020848"
"327","ДЕСПОТОВАЦ","ДЕСПОТОВАЦ","ПРОЛЕТЕРСКА","18","","","6","0","1779020859"
"327","ДЕСПОТОВАЦ","ДЕСПОТОВАЦ","ПРОЛЕТЕРСКА","19","","","1","0","1779020873"
"327","ДЕСПОТОВАЦ","ДЕСПОТОВАЦ","ПРОЛЕТЕРСКА","20","","","4","0","1779020884"
"327","ДЕСПОТОВАЦ","ДЕСПОТОВАЦ","РАДЕ МИЉКОВИЋ","0","","","11","0","1779020893"
"327","ДЕСПОТОВАЦ","ДЕСПОТОВАЦ","РАДЕ МИЉКОВИЋ","2","","","6","0","1779020909"
"327","ДЕСПОТОВАЦ","ДЕСПОТОВАЦ","РАДЕ МИЉКОВИЋ","3","","","10","0","1779020923"
"327","ДЕСПОТОВАЦ","ДЕСПОТОВАЦ","РАДЕ МИЉКОВИЋ","4","","","2","0","1779020932"
"327","ДЕСПОТОВАЦ","ДЕСПОТОВАЦ","РАДЕ МИЉКОВИЋ","5","","","12","0","1779020942"
"327","ДЕСПОТОВАЦ","ДЕСПОТОВАЦ","РАДЕ МИЉКОВИЋ","6","","","1","0","1779020951"
"327","ДЕСПОТОВАЦ","ДЕСПОТОВАЦ","РАДЕ МИЉКОВИЋ","7","","","19","0","1779020962"
"327","ДЕСПОТОВАЦ","ДЕСПОТОВАЦ","РАДЕ МИЉКОВИЋ","8","","","4","0","1779020972"
"327","ДЕСПОТОВАЦ","ДЕСПОТОВАЦ","РАДЕ МИЉКОВИЋ","10","","","16","0","1779020981"
"327","ДЕСПОТОВАЦ","ДЕСПОТОВАЦ","РАДЕ МИЉКОВИЋ","11","","","3","0","1779020994"
"327","ДЕСПОТОВАЦ","ДЕСПОТОВАЦ","РАДЕ МИЉКОВИЋ","12","","","12","0","1779021005"
"327","ДЕСПОТОВАЦ","ДЕСПОТОВАЦ","РАДЕ МИЉКОВИЋ","14","","","22","0","1779021015"
"327","ДЕСПОТОВАЦ","ДЕСПОТОВАЦ","РАДЕ МИЉКОВИЋ","15","","","1","0","1779021034"
"327","ДЕСПОТОВАЦ","ДЕСПОТОВАЦ","РАДЕ МИЉКОВИЋ","16","","","15","0","1779021047"
"327","ДЕСПОТОВАЦ","ДЕСПОТОВАЦ","РАДЕ МИЉКОВИЋ","18","","","13","0","1779021055"
"327","ДЕСПОТОВАЦ","ДЕСПОТОВАЦ","РАДЕ МИЉКОВИЋ","20","","","28","0","1779021065"
"327","ДЕСПОТОВАЦ","ДЕСПОТОВАЦ","РАДЕ МИЉКОВИЋ","22","","","13","0","1779021074"
"327","ДЕСПОТОВАЦ","ДЕСПОТОВАЦ","РАДЕ МИЉКОВИЋ","24","","","18","0","1779021083"
"327","ДЕСПОТОВАЦ","ДЕСПОТОВАЦ","РАДЕ МИЉКОВИЋ","26","","","17","0","1779021091"
"327","ДЕСПОТОВАЦ","ДЕСПОТОВАЦ","РАДЕ МИЉКОВИЋ","28","","","12","0","1779021101"
"327","ДЕСПОТОВАЦ","ДЕСПОТОВАЦ","РУДНИЧКА","0","","","32","1","1779021114"
"327","ДЕСПОТОВАЦ","ДЕСПОТОВАЦ","РУДНИЧКА","1","","","3","0","1779021123"
"327","ДЕСПОТОВАЦ","ДЕСПОТОВАЦ","РУДНИЧКА","2","","","4","0","1779021133"
"327","ДЕСПОТОВАЦ","ДЕСПОТОВАЦ","РУДНИЧКА","3","","","9","0","1779021142"
"327","ДЕСПОТОВАЦ","ДЕСПОТОВАЦ","РУДНИЧКА","4","","","1","0","1779021158"
"327","ДЕСПОТОВАЦ","ДЕСПОТОВАЦ","РУДНИЧКА","5","","","4","0","1779021168"
"327","ДЕСПОТОВАЦ","ДЕСПОТОВАЦ","РУДНИЧКА","6","","","4","0","1779021180"
"327","ДЕСПОТОВАЦ","ДЕСПОТОВАЦ","РУДНИЧКА","7","","","15","0","1779021190"
"327","ДЕСПОТОВАЦ","ДЕСПОТОВАЦ","РУДНИЧКА","8","","","3","0","1779021202"
"327","ДЕСПОТОВАЦ","ДЕСПОТОВАЦ","РУДНИЧКА","9","","","14","0","1779021213"
"327","ДЕСПОТОВАЦ","ДЕСПОТОВАЦ","РУДНИЧКА","10","","","1","0","1779021222"
"327","ДЕСПОТОВАЦ","ДЕСПОТОВАЦ","РУДНИЧКА","12","","","1","0","1779021239"
"327","ДЕСПОТОВАЦ","ДЕСПОТОВАЦ","РУДНИЧКА","13","","","8","0","1779021252"
"327","ДЕСПОТОВАЦ","ДЕСПОТОВАЦ","РУДНИЧКА","14","","","2","0","1779021262"
"327","ДЕСПОТОВАЦ","ДЕСПОТОВАЦ","РУДНИЧКА","15","","","9","0","1779021271"
"327","ДЕСПОТОВАЦ","ДЕСПОТОВАЦ","РУДНИЧКА","16","","","5","0","1779021292"
"327","ДЕСПОТОВАЦ","ДЕСПОТОВАЦ","РУДНИЧКА","17","","","8","0","1779021300"
"327","ДЕСПОТОВАЦ","ДЕСПОТОВАЦ","РУДНИЧКА","18","","","4","0","1779021309"
"327","ДЕСПОТОВАЦ","ДЕСПОТОВАЦ","РУДНИЧКА","19","","","12","0","1779021317"
"327","ДЕСПОТОВАЦ","ДЕСПОТОВАЦ","РУДНИЧКА","20","","","1","0","1779021325"
"327","ДЕСПОТОВАЦ","ДЕСПОТОВАЦ","РУДНИЧКА","21","","","6","0","1779021341"
"327","ДЕСПОТОВАЦ","ДЕСПОТОВАЦ","РУДНИЧКА","22","","","4","0","1779021355"
"327","ДЕСПОТОВАЦ","ДЕСПОТОВАЦ","РУДНИЧКА","23","","","16","0","1779021369"
"327","ДЕСПОТОВАЦ","ДЕСПОТОВАЦ","РУДНИЧКА","24","","","1","0","1779021378"
"327","ДЕСПОТОВАЦ","ДЕСПОТОВАЦ","РУДНИЧКА","25","","","24","0","1779021388"
"327","ДЕСПОТОВАЦ","ДЕСПОТОВАЦ","РУДНИЧКА","26","","","5","0","1779021398"
"327","ДЕСПОТОВАЦ","ДЕСПОТОВАЦ","РУДНИЧКА","27","","","5","0","1779021413"
"327","ДЕСПОТОВАЦ","ДЕСПОТОВАЦ","РУДНИЧКА","28","","","1","0","1779021426"
"327","ДЕСПОТОВАЦ","ДЕСПОТОВАЦ","РУДНИЧКА","29","","","6","0","1779021437"
"327","ДЕСПОТОВАЦ","ДЕСПОТОВАЦ","РУДНИЧКА","31","","","2","0","1779021447"
"327","ДЕСПОТОВАЦ","ДЕСПОТОВАЦ","РУДНИЧКА","33","","","2","0","1779021457"
"327","ДЕСПОТОВАЦ","ДЕСПОТОВАЦ","РУДНИЧКА","34","","","1","0","1779021469"
"327","ДЕСПОТОВАЦ","ДЕСПОТОВАЦ","РУДНИЧКА","36","","","1","0","1779021480"
"327","ДЕСПОТОВАЦ","ДЕСПОТОВАЦ","РУДНИЧКА","37","","","2","0","1779021486"
"327","ДЕСПОТОВАЦ","ДЕСПОТОВАЦ","РУДНИЧКА","38","","","1","0","1779021496"
"327","ДЕСПОТОВАЦ","ДЕСПОТОВАЦ","РУДНИЧКА","40","","","6","0","1779021503"
"327","ДЕСПОТОВАЦ","ДЕСПОТОВАЦ","РУДНИЧКА","41","","","2","0","1779021514"
"327","ДЕСПОТОВАЦ","ДЕСПОТОВАЦ","РУДНИЧКА","42","","","1","0","1779021527"
"327","ДЕСПОТОВАЦ","ДЕСПОТОВАЦ","РУДНИЧКА","52","","","5","0","1779021550"
"327","ДЕСПОТОВАЦ","ДЕСПОТОВАЦ","РУДНИЧКА","54","","","4","0","1779021560"
"327","ДЕСПОТОВАЦ","ДЕСПОТОВАЦ","РУДНИЧКА","55","","","6","0","1779021571"
"327","ДЕСПОТОВАЦ","ДЕСПОТОВАЦ","РУДНИЧКА","60","","","3","0","1779021585"
"327","ДЕСПОТОВАЦ","ДЕСПОТОВАЦ","РУДНИЧКА","63","","","1","0","1779021594"
"327","ДЕСПОТОВАЦ","ДЕСПОТОВАЦ","РУДНИЧКА","64","","","2","0","1779021603"
"327","ДЕСПОТОВАЦ","ДЕСПОТОВАЦ","РУДНИЧКА","65","","","4","0","1779021611"
"327","ДЕСПОТОВАЦ","ДЕСПОТОВАЦ","РУДНИЧКА","66","","","1","0","1779021622"
"327","ДЕСПОТОВАЦ","ДЕСПОТОВАЦ","РУДНИЧКА","76","","","2","0","1779021670"
"327","ДЕСПОТОВАЦ","ДЕСПОТОВАЦ","РУДНИЧКА","80","","","2","0","1779021679"
"327","ДЕСПОТОВАЦ","ДЕСПОТОВАЦ","РУДНИЧКА","80-А","","А","1","0","1779021690"
"327","ДЕСПОТОВАЦ","ДЕСПОТОВАЦ","РУДНИЧКА","194","","","3","0","1779021702"
"327","ДЕСПОТОВАЦ","ДЕСПОТОВАЦ","САВЕ КОВАЧЕВИЋА","0","","","17","0","1779021712"
"327","ДЕСПОТОВАЦ","ДЕСПОТОВАЦ","САВЕ КОВАЧЕВИЋА","1","","","16","0","1779021739"
"327","ДЕСПОТОВАЦ","ДЕСПОТОВАЦ","САВЕ КОВАЧЕВИЋА","4","","","2","0","1779021752"
"327","ДЕСПОТОВАЦ","ДЕСПОТОВАЦ","САВЕ КОВАЧЕВИЋА","5","","","3","0","1779021763"
"327","ДЕСПОТОВАЦ","ДЕСПОТОВАЦ","САВЕ КОВАЧЕВИЋА","7","","","3","0","1779021771"
"327","ДЕСПОТОВАЦ","ДЕСПОТОВАЦ","САВЕ КОВАЧЕВИЋА","8","","","7","0","1779021779"
"327","ДЕСПОТОВАЦ","ДЕСПОТОВАЦ","САВЕ КОВАЧЕВИЋА","9","","","1","0","1779021788"
"327","ДЕСПОТОВАЦ","ДЕСПОТОВАЦ","САВЕ КОВАЧЕВИЋА","11","","","4","0","1779021802"
"327","ДЕСПОТОВАЦ","ДЕСПОТОВАЦ","САВЕ КОВАЧЕВИЋА","12","","","2","0","1779021816"
"327","ДЕСПОТОВАЦ","ДЕСПОТОВАЦ","САВЕ КОВАЧЕВИЋА","13","","","2","0","1779021833"
"327","ДЕСПОТОВАЦ","ДЕСПОТОВАЦ","САВЕ КОВАЧЕВИЋА","15","","","7","0","1779021843"
"327","ДЕСПОТОВАЦ","ДЕСПОТОВАЦ","САВЕ КОВАЧЕВИЋА","16","","","9","0","1779021853"
"327","ДЕСПОТОВАЦ","ДЕСПОТОВАЦ","САВЕ КОВАЧЕВИЋА","17","","","4","0","1779021861"
"327","ДЕСПОТОВАЦ","ДЕСПОТОВАЦ","САВЕ КОВАЧЕВИЋА","18","","","4","0","1779021870"
"327","ДЕСПОТОВАЦ","ДЕСПОТОВАЦ","САВЕ КОВАЧЕВИЋА","20","","","1","0","1779021892"
"327","ДЕСПОТОВАЦ","ДЕСПОТОВАЦ","САВЕ КОВАЧЕВИЋА","21","","","5","0","1779021902"
"327","ДЕСПОТОВАЦ","ДЕСПОТОВАЦ","САВЕ КОВАЧЕВИЋА","22","","","2","0","1779021909"
"327","ДЕСПОТОВАЦ","ДЕСПОТОВАЦ","САВЕ КОВАЧЕВИЋА","24","","","2","0","1779021915"
"327","ДЕСПОТОВАЦ","ДЕСПОТОВАЦ","САВЕ КОВАЧЕВИЋА","25","","","4","0","1779021928"
"327","ДЕСПОТОВАЦ","ДЕСПОТОВАЦ","САВЕ КОВАЧЕВИЋА","27","","","1","0","1779021939"
"327","ДЕСПОТОВАЦ","ДЕСПОТОВАЦ","САВЕ КОВАЧЕВИЋА","29","","","1","0","1779021950"
"327","ДЕСПОТОВАЦ","ДЕСПОТОВАЦ","САВЕ КОВАЧЕВИЋА","30","","","1","0","1779021963"
"327","ДЕСПОТОВАЦ","ДЕСПОТОВАЦ","САВЕ КОВАЧЕВИЋА","32","","","2","0","1779021980"
"327","ДЕСПОТОВАЦ","ДЕСПОТОВАЦ","САВЕ КОВАЧЕВИЋА","33","","","2","0","1779021990"
"327","ДЕСПОТОВАЦ","ДЕСПОТОВАЦ","САВЕ КОВАЧЕВИЋА","34","","","5","0","1779021997"
"327","ДЕСПОТОВАЦ","ДЕСПОТОВАЦ","САВЕ КОВАЧЕВИЋА","35","","","7","0","1779022006"
"327","ДЕСПОТОВАЦ","ДЕСПОТОВАЦ","САВЕ КОВАЧЕВИЋА","36","","","4","0","1779022016"
"327","ДЕСПОТОВАЦ","ДЕСПОТОВАЦ","САВЕ КОВАЧЕВИЋА","39","","","3","0","1779022033"
"327","ДЕСПОТОВАЦ","ДЕСПОТОВАЦ","САВЕ КОВАЧЕВИЋА","42","","","4","0","1779022055"
"327","ДЕСПОТОВАЦ","ДЕСПОТОВАЦ","САВЕ КОВАЧЕВИЋА","43","","","2","0","1779022066"
"327","ДЕСПОТОВАЦ","ДЕСПОТОВАЦ","САВЕ КОВАЧЕВИЋА","44","","","3","0","1779022078"
"327","ДЕСПОТОВАЦ","ДЕСПОТОВАЦ","САВЕ КОВАЧЕВИЋА","45","","","3","0","1779022086"
"327","ДЕСПОТОВАЦ","ДЕСПОТОВАЦ","САВЕ КОВАЧЕВИЋА","48","","","24","0","1779022095"
"327","ДЕСПОТОВАЦ","ДЕСПОТОВАЦ","САВЕ КОВАЧЕВИЋА","51","","","4","0","1779022117"
"327","ДЕСПОТОВАЦ","ДЕСПОТОВАЦ","САВЕ КОВАЧЕВИЋА","53","","","2","0","1779022126"
"327","ДЕСПОТОВАЦ","ДЕСПОТОВАЦ","САВЕ КОВАЧЕВИЋА","54","","","3","0","1779022135"
"327","ДЕСПОТОВАЦ","ДЕСПОТОВАЦ","САВЕ КОВАЧЕВИЋА","55","","","5","0","1779022144"
"327","ДЕСПОТОВАЦ","ДЕСПОТОВАЦ","САВЕ КОВАЧЕВИЋА","56","","","4","0","1779022155"
"327","ДЕСПОТОВАЦ","ДЕСПОТОВАЦ","САВЕ КОВАЧЕВИЋА","57","","","2","0","1779022166"
"327","ДЕСПОТОВАЦ","ДЕСПОТОВАЦ","САВЕ КОВАЧЕВИЋА","58","","","5","0","1779022180"
"327","ДЕСПОТОВАЦ","ДЕСПОТОВАЦ","САВЕ КОВАЧЕВИЋА","59","","","1","0","1779022201"
"327","ДЕСПОТОВАЦ","ДЕСПОТОВАЦ","САВЕ КОВАЧЕВИЋА","61","","","2","0","1779022211"
"327","ДЕСПОТОВАЦ","ДЕСПОТОВАЦ","САВЕ КОВАЧЕВИЋА","62","","","5","0","1779022223"
"327","ДЕСПОТОВАЦ","ДЕСПОТОВАЦ","САВЕ КОВАЧЕВИЋА","63","","","1","0","1779022231"
"327","ДЕСПОТОВАЦ","ДЕСПОТОВАЦ","САВЕЗ БОРАЦА","0","","","37","0","1779022243"
"327","ДЕСПОТОВАЦ","ДЕСПОТОВАЦ","САВЕЗ БОРАЦА","0","","А","1","0","1779022243"
"327","ДЕСПОТОВАЦ","ДЕСПОТОВАЦ","САВЕЗ БОРАЦА","5","","","2","0","1779022316"
"327","ДЕСПОТОВАЦ","ДЕСПОТОВАЦ","САВЕЗ БОРАЦА","6","","","3","0","1779022325"
"327","ДЕСПОТОВАЦ","ДЕСПОТОВАЦ","САВЕЗ БОРАЦА","7","","","2","0","1779022335"
"327","ДЕСПОТОВАЦ","ДЕСПОТОВАЦ","САВЕЗ БОРАЦА","8","","","3","0","1779022349"
"327","ДЕСПОТОВАЦ","ДЕСПОТОВАЦ","САВЕЗ БОРАЦА","9","","","3","0","1779022358"
"327","ДЕСПОТОВАЦ","ДЕСПОТОВАЦ","САВЕЗ БОРАЦА","11","","","1","0","1779022371"
"327","ДЕСПОТОВАЦ","ДЕСПОТОВАЦ","САВЕЗ БОРАЦА","12","","","2","0","1779022382"
"327","ДЕСПОТОВАЦ","ДЕСПОТОВАЦ","САВЕЗ БОРАЦА","15","","","6","0","1779022401"
"327","ДЕСПОТОВАЦ","ДЕСПОТОВАЦ","САВЕЗ БОРАЦА","15","","А","1","0","1779022401"
"327","ДЕСПОТОВАЦ","ДЕСПОТОВАЦ","САВЕЗ БОРАЦА","18","","","3","0","1779022454"
"327","ДЕСПОТОВАЦ","ДЕСПОТОВАЦ","САВЕЗ БОРАЦА","19","","","7","0","1779022463"
"327","ДЕСПОТОВАЦ","ДЕСПОТОВАЦ","САВЕЗ БОРАЦА","20","","","4","0","1779022472"
"327","ДЕСПОТОВАЦ","ДЕСПОТОВАЦ","САВЕЗ БОРАЦА","21","","","2","0","1779022482"
"327","ДЕСПОТОВАЦ","ДЕСПОТОВАЦ","САВЕЗ БОРАЦА","22","","","2","0","1779022491"
"327","ДЕСПОТОВАЦ","ДЕСПОТОВАЦ","САВЕЗ БОРАЦА","23","","","3","0","1779022500"
"327","ДЕСПОТОВАЦ","ДЕСПОТОВАЦ","САВЕЗ БОРАЦА","25","","","1","0","1779022513"
"327","ДЕСПОТОВАЦ","ДЕСПОТОВАЦ","САВЕЗ БОРАЦА","26","","","3","0","1779022520"
"327","ДЕСПОТОВАЦ","ДЕСПОТОВАЦ","САВЕЗ БОРАЦА","27","","","3","0","1779022528"
"327","ДЕСПОТОВАЦ","ДЕСПОТОВАЦ","САВЕЗ БОРАЦА","28","","","1","0","1779022537"
"327","ДЕСПОТОВАЦ","ДЕСПОТОВАЦ","САВЕЗ БОРАЦА","29","","","4","0","1779022549"
"327","ДЕСПОТОВАЦ","ДЕСПОТОВАЦ","САВЕЗ БОРАЦА","30","","","3","0","1779022559"
"327","ДЕСПОТОВАЦ","ДЕСПОТОВАЦ","САВЕЗ БОРАЦА","31","","","5","0","1779022570"
"327","ДЕСПОТОВАЦ","ДЕСПОТОВАЦ","САВЕЗ БОРАЦА","34","","","3","0","1779022640"
"327","ДЕСПОТОВАЦ","ДЕСПОТОВАЦ","САВЕЗ БОРАЦА","35","","","1","0","1779022654"
"327","ДЕСПОТОВАЦ","ДЕСПОТОВАЦ","САВЕЗ БОРАЦА","36","","","3","0","1779022668"
"327","ДЕСПОТОВАЦ","ДЕСПОТОВАЦ","САВЕЗ БОРАЦА","37","","","1","0","1779022678"
"327","ДЕСПОТОВАЦ","ДЕСПОТОВАЦ","САВЕЗ БОРАЦА","38","","","4","0","1779022687"
"327","ДЕСПОТОВАЦ","ДЕСПОТОВАЦ","РУДНИЧКА","11","","","9","0","1779022813"
"327","ДЕСПОТОВАЦ","ДЕСПОТОВАЦ","РУДНИЧКА","35","","","3","0","1779022819"
"327","ДЕСПОТОВАЦ","ДЕСПОТОВАЦ","РУДНИЧКА","50","","","3","0","1779022834"
"327","ДЕСПОТОВАЦ","ДЕСПОТОВАЦ","РУДНИЧКА","58","","","3","0","1779022843"
"327","ДЕСПОТОВАЦ","ДЕСПОТОВАЦ","РУДНИЧКА","69","","","1","0","1779022855"
"327","ДЕСПОТОВАЦ","ДЕСПОТОВАЦ","РУДНИЧКА","72","","","4","0","1779022866"
"327","ДЕСПОТОВАЦ","ДЕСПОТОВАЦ","САВЕ КОВАЧЕВИЋА","31","","","3","0","1779022882"
"327","ДЕСПОТОВАЦ","ДЕСПОТОВАЦ","САВЕ КОВАЧЕВИЋА","41","","","2","0","1779022891"
"327","ДЕСПОТОВАЦ","ДЕСПОТОВАЦ","САВЕ КОВАЧЕВИЋА","49","","","1","0","1779022903"
"327","ДЕСПОТОВАЦ","ДЕСПОТОВАЦ","САВЕЗ БОРАЦА","1","","","2","0","1779022915"
"327","ДЕСПОТОВАЦ","ДЕСПОТОВАЦ","САВЕЗ БОРАЦА","2","","","3","0","1779022925"
"327","ДЕСПОТОВАЦ","ДЕСПОТОВАЦ","САВЕЗ БОРАЦА","3","","","1","0","1779022932"
"327","ДЕСПОТОВАЦ","ДЕСПОТОВАЦ","САВЕЗ БОРАЦА","4","","","1","0","1779022942"
"327","ДЕСПОТОВАЦ","ДЕСПОТОВАЦ","САВЕЗ БОРАЦА","13","","","3","0","1779022950"
"327","ДЕСПОТОВАЦ","ДЕСПОТОВАЦ","САВЕЗ БОРАЦА","17","","","2","0","1779022958"
"327","ДЕСПОТОВАЦ","ДЕСПОТОВАЦ","САВЕЗ БОРАЦА","32","","","10","0","1779022968"
"327","ДЕСПОТОВАЦ","ДЕСПОТОВАЦ","САВЕЗ БОРАЦА","33","","","1","0","1779022979"
"327","ДЕСПОТОВАЦ","ДЕСПОТОВАЦ","САВЕЗ БОРАЦА","39","","","5","0","1779022987"
"327","ДЕСПОТОВАЦ","ДЕСПОТОВАЦ","САВЕЗ БОРАЦА","40","","","5","0","1779022998"
"327","ДЕСПОТОВАЦ","ДЕСПОТОВАЦ","САВЕЗ БОРАЦА","41","","","5","0","1779023009"
"327","ДЕСПОТОВАЦ","ДЕСПОТОВАЦ","САВЕЗ БОРАЦА","42","","","1","0","1779023019"
"327","ДЕСПОТОВАЦ","ДЕСПОТОВАЦ","САВЕЗ БОРАЦА","43","","","5","0","1779023039"
"327","ДЕСПОТОВАЦ","ДЕСПОТОВАЦ","САВЕЗ БОРАЦА","45","","","4","0","1779023046"
"327","ДЕСПОТОВАЦ","ДЕСПОТОВАЦ","САВЕЗ БОРАЦА","47","","","6","0","1779023057"
"327","ДЕСПОТОВАЦ","ДЕСПОТОВАЦ","САВЕЗ БОРАЦА","48","","","3","0","1779023065"
"327","ДЕСПОТОВАЦ","ДЕСПОТОВАЦ","САВЕЗ БОРАЦА","50","","","2","0","1779023085"
"327","ДЕСПОТОВАЦ","ДЕСПОТОВАЦ","САВЕЗ БОРАЦА","51","","","3","0","1779023095"
"327","ДЕСПОТОВАЦ","ДЕСПОТОВАЦ","САВЕЗ БОРАЦА","52","","","1","0","1779023108"
"327","ДЕСПОТОВАЦ","ДЕСПОТОВАЦ","САВЕЗ БОРАЦА","53","","","2","0","1779023120"
"327","ДЕСПОТОВАЦ","ДЕСПОТОВАЦ","САВЕЗ БОРАЦА","54","","","5","0","1779023133"
"327","ДЕСПОТОВАЦ","ДЕСПОТОВАЦ","САВЕЗ БОРАЦА","56","","","3","0","1779023144"
"327","ДЕСПОТОВАЦ","ДЕСПОТОВАЦ","САВЕЗ БОРАЦА","57","","","1","0","1779023159"
"327","ДЕСПОТОВАЦ","ДЕСПОТОВАЦ","САВЕЗ БОРАЦА","58","","","4","0","1779023168"
"327","ДЕСПОТОВАЦ","ДЕСПОТОВАЦ","САВЕЗ БОРАЦА","62","","","7","0","1779023211"
"327","ДЕСПОТОВАЦ","ДЕСПОТОВАЦ","САВЕЗ БОРАЦА","63","","","3","0","1779023220"
"327","ДЕСПОТОВАЦ","ДЕСПОТОВАЦ","САВЕЗ БОРАЦА","65","","","1","0","1779023231"
"327","ДЕСПОТОВАЦ","ДЕСПОТОВАЦ","САВЕЗ БОРАЦА","67","","","2","0","1779023238"
"327","ДЕСПОТОВАЦ","ДЕСПОТОВАЦ","САВЕЗ БОРАЦА","69","","","5","0","1779023250"
"327","ДЕСПОТОВАЦ","ДЕСПОТОВАЦ","САВЕЗ БОРАЦА","70","","","5","0","1779023264"
"327","ДЕСПОТОВАЦ","ДЕСПОТОВАЦ","САВЕЗ БОРАЦА","72","","","1","0","1779023272"
"327","ДЕСПОТОВАЦ","ДЕСПОТОВАЦ","САВЕЗ БОРАЦА","73","","","1","0","1779023281"
"327","ДЕСПОТОВАЦ","ДЕСПОТОВАЦ","САВЕЗ БОРАЦА","74","","","2","0","1779023293"
"327","ДЕСПОТОВАЦ","ДЕСПОТОВАЦ","САВЕЗ БОРАЦА","78","","","2","0","1779023303"
"327","ДЕСПОТОВАЦ","ДЕСПОТОВАЦ","САВЕЗ БОРАЦА","82","","","3","0","1779023317"
"327","ДЕСПОТОВАЦ","ДЕСПОТОВАЦ","САВЕЗ БОРАЦА","83","","","3","0","1779023330"
"327","ДЕСПОТОВАЦ","ДЕСПОТОВАЦ","САВЕЗ БОРАЦА","84","","","2","0","1779023341"
"327","ДЕСПОТОВАЦ","ДЕСПОТОВАЦ","САВЕЗ БОРАЦА","87","","","1","0","1779023371"
"327","ДЕСПОТОВАЦ","ДЕСПОТОВАЦ","САВЕЗ БОРАЦА","88","","","2","0","1779023380"
"327","ДЕСПОТОВАЦ","ДЕСПОТОВАЦ","САВЕЗ БОРАЦА","90","","","5","0","1779023391"
"327","ДЕСПОТОВАЦ","ДЕСПОТОВАЦ","САВЕЗ БОРАЦА","91","","","1","0","1779023401"
"327","ДЕСПОТОВАЦ","ДЕСПОТОВАЦ","САВЕЗ БОРАЦА","92","","","3","0","1779023410"
"327","ДЕСПОТОВАЦ","ДЕСПОТОВАЦ","САВЕЗ БОРАЦА","93","","","3","0","1779023423"
"327","ДЕСПОТОВАЦ","ДЕСПОТОВАЦ","САВЕЗ БОРАЦА","95","","","1","0","1779023435"
"327","ДЕСПОТОВАЦ","ДЕСПОТОВАЦ","САВЕЗ БОРАЦА","96","","","3","0","1779023449"
"327","ДЕСПОТОВАЦ","ДЕСПОТОВАЦ","САВЕЗ БОРАЦА","98","","","1","0","1779023455"
"327","ДЕСПОТОВАЦ","ДЕСПОТОВАЦ","САВЕЗ БОРАЦА","101","","","5","0","1779023465"
"327","ДЕСПОТОВАЦ","ДЕСПОТОВАЦ","САВЕЗ БОРАЦА","102","","","3","0","1779023472"
"327","ДЕСПОТОВАЦ","ДЕСПОТОВАЦ","САВЕЗ БОРАЦА","103","","","5","0","1779023481"
"327","ДЕСПОТОВАЦ","ДЕСПОТОВАЦ","САВЕЗ БОРАЦА","104","","","3","0","1779023493"
"327","ДЕСПОТОВАЦ","ДЕСПОТОВАЦ","САВЕЗ БОРАЦА","105","","","1","0","1779023503"
"327","ДЕСПОТОВАЦ","ДЕСПОТОВАЦ","САВЕЗ БОРАЦА","106","","","2","0","1779023513"
"327","ДЕСПОТОВАЦ","ДЕСПОТОВАЦ","САВЕЗ БОРАЦА","107","","","1","0","1779023523"
"327","ДЕСПОТОВАЦ","ДЕСПОТОВАЦ","САВЕЗ БОРАЦА","108","","","2","0","1779023533"
"327","ДЕСПОТОВАЦ","ДЕСПОТОВАЦ","САВЕЗ БОРАЦА","109","","","2","0","1779023547"
"327","ДЕСПОТОВАЦ","ДЕСПОТОВАЦ","САВЕЗ БОРАЦА","110","","","5","0","1779023554"
"327","ДЕСПОТОВАЦ","ДЕСПОТОВАЦ","САВЕЗ БОРАЦА","112","","","4","0","1779023563"
"327","ДЕСПОТОВАЦ","ДЕСПОТОВАЦ","САВЕЗ БОРАЦА","116","","","5","0","1779023571"
"327","ДЕСПОТОВАЦ","ДЕСПОТОВАЦ","САВЕЗ БОРАЦА","118","","","3","0","1779023581"
"327","ДЕСПОТОВАЦ","ДЕСПОТОВАЦ","САВЕЗ БОРАЦА","120","","","3","0","1779023588"
"327","ДЕСПОТОВАЦ","ДЕСПОТОВАЦ","САВЕЗ БОРАЦА","122","","","4","0","1779023597"
"327","ДЕСПОТОВАЦ","ДЕСПОТОВАЦ","САВЕЗ БОРАЦА","124","","","2","0","1779023605"
"327","ДЕСПОТОВАЦ","ДЕСПОТОВАЦ","САВЕЗ БОРАЦА","126","","","2","0","1779023614"
"327","ДЕСПОТОВАЦ","ДЕСПОТОВАЦ","САВЕЗ БОРАЦА","128","","","1","0","1779023620"
"327","ДЕСПОТОВАЦ","ДЕСПОТОВАЦ","САВЕЗ БОРАЦА","134","","","1","0","1779023631"
"327","ДЕСПОТОВАЦ","ДЕСПОТОВАЦ","САВЕЗ БОРАЦА","140","","","4","0","1779023642"
"327","ДЕСПОТОВАЦ","ДЕСПОТОВАЦ","САВЕЗ БОРАЦА","142","","","7","0","1779023654"
"327","ДЕСПОТОВАЦ","ДЕСПОТОВАЦ","САВЕЗ БОРАЦА","146","","","2","0","1779023662"
"327","ДЕСПОТОВАЦ","ДЕСПОТОВАЦ","САВЕЗ БОРАЦА","148","","","5","0","1779023677"
"327","ДЕСПОТОВАЦ","ДЕСПОТОВАЦ","САВЕЗ БОРАЦА","158","","","2","0","1779023690"
"327","ДЕСПОТОВАЦ","ДЕСПОТОВАЦ","САВЕЗ БОРАЦА","160","","","1","0","1779023700"
"327","ДЕСПОТОВАЦ","ДЕСПОТОВАЦ","САВЕЗ БОРАЦА","162","","","1","0","1779023708"
"327","ДЕСПОТОВАЦ","ДЕСПОТОВАЦ","САВЕЗ БОРАЦА","164","","","1","0","1779023719"
"327","ДЕСПОТОВАЦ","ДЕСПОТОВАЦ","САВЕЗ БОРАЦА","168","","","2","0","1779023729"
"327","ДЕСПОТОВАЦ","ДЕСПОТОВАЦ","САВЕЗ БОРАЦА","170","","","3","0","1779023738"
"327","ДЕСПОТОВАЦ","ДЕСПОТОВАЦ","САВЕЗ БОРАЦА","172","","","3","0","1779023749"
"327","ДЕСПОТОВАЦ","ДЕСПОТОВАЦ","САВЕЗ БОРАЦА","178","","","1","0","1779023799"
"327","ДЕСПОТОВАЦ","ДЕСПОТОВАЦ","САВЕЗ БОРАЦА","180","","","3","0","1779023817"
"327","ДЕСПОТОВАЦ","ДЕСПОТОВАЦ","СВЕТОГ САВЕ","22","","","2","0","1779023832"
"327","ДЕСПОТОВАЦ","ДЕСПОТОВАЦ","СТЕВАНА СИНЂЕЛИЋА","0","","","14","0","1779023845"
"327","ДЕСПОТОВАЦ","ДЕСПОТОВАЦ","СТЕВАНА СИНЂЕЛИЋА","1","","","7","0","1779023866"
"327","ДЕСПОТОВАЦ","ДЕСПОТОВАЦ","СТЕВАНА СИНЂЕЛИЋА","3","","","16","0","1779023877"
"327","ДЕСПОТОВАЦ","ДЕСПОТОВАЦ","СТЕВАНА СИНЂЕЛИЋА","4","","","4","0","1779023888"
"327","ДЕСПОТОВАЦ","ДЕСПОТОВАЦ","СТЕВАНА СИНЂЕЛИЋА","5","","","2","0","1779023901"
"327","ДЕСПОТОВАЦ","ДЕСПОТОВАЦ","СТЕВАНА СИНЂЕЛИЋА","6","","","1","0","1779023916"
"327","ДЕСПОТОВАЦ","ДЕСПОТОВАЦ","СТЕВАНА СИНЂЕЛИЋА","7","","","1","0","1779023924"
"327","ДЕСПОТОВАЦ","ДЕСПОТОВАЦ","СТЕВАНА СИНЂЕЛИЋА","8","","","7","0","1779023936"
"327","ДЕСПОТОВАЦ","ДЕСПОТОВАЦ","СТЕВАНА СИНЂЕЛИЋА","11","","","1","0","1779023945"
"327","ДЕСПОТОВАЦ","ДЕСПОТОВАЦ","СТЕВАНА СИНЂЕЛИЋА","14","","","4","0","1779023963"
"327","ДЕСПОТОВАЦ","ДЕСПОТОВАЦ","СТЕВАНА СИНЂЕЛИЋА","16","","","2","0","1779023974"
"327","ДЕСПОТОВАЦ","ДЕСПОТОВАЦ","СТЕВАНА СИНЂЕЛИЋА","18","","","11","0","1779023989"
"327","ДЕСПОТОВАЦ","ДЕСПОТОВАЦ","СТЕВАНА СИНЂЕЛИЋА","19","","","4","0","1779024000"
"327","ДЕСПОТОВАЦ","ДЕСПОТОВАЦ","СТЕВАНА СИНЂЕЛИЋА","20","","","1","0","1779024011"
"327","ДЕСПОТОВАЦ","ДЕСПОТОВАЦ","СТЕВАНА СИНЂЕЛИЋА","22","","","3","0","1779024018"
"327","ДЕСПОТОВАЦ","ДЕСПОТОВАЦ","СТЕВАНА СИНЂЕЛИЋА","23","","","2","0","1779024030"
"327","ДЕСПОТОВАЦ","ДЕСПОТОВАЦ","СТЕВАНА СИНЂЕЛИЋА","24","","","4","0","1779024039"
"327","ДЕСПОТОВАЦ","ДЕСПОТОВАЦ","СТЕВАНА СИНЂЕЛИЋА","30","","","2","0","1779024079"
"327","ДЕСПОТОВАЦ","ДЕСПОТОВАЦ","СТЕВАНА СИНЂЕЛИЋА","31","","","5","0","1779024088"
"327","ДЕСПОТОВАЦ","ДЕСПОТОВАЦ","СТЕВАНА СИНЂЕЛИЋА","32","","","3","0","1779024097"
"327","ДЕСПОТОВАЦ","ДЕСПОТОВАЦ","СТЕВАНА СИНЂЕЛИЋА","34","","","1","0","1779024109"
"327","ДЕСПОТОВАЦ","ДЕСПОТОВАЦ","СТЕВАНА СИНЂЕЛИЋА","35","","","3","0","1779024123"
"327","ДЕСПОТОВАЦ","ДЕСПОТОВАЦ","СТЕВАНА СИНЂЕЛИЋА","37","","","4","0","1779024134"
"327","ДЕСПОТОВАЦ","ДЕСПОТОВАЦ","СТЕВАНА СИНЂЕЛИЋА","39","","","1","0","1779024152"
"327","ДЕСПОТОВАЦ","ДЕСПОТОВАЦ","СТЕВАНА СИНЂЕЛИЋА","40","","","1","0","1779024161"
"327","ДЕСПОТОВАЦ","ДЕСПОТОВАЦ","СТЕВАНА СИНЂЕЛИЋА","41","","","3","0","1779024169"
"327","ДЕСПОТОВАЦ","ДЕСПОТОВАЦ","СТЕВАНА СИНЂЕЛИЋА","43","","","1","0","1779024179"
"327","ДЕСПОТОВАЦ","ДЕСПОТОВАЦ","СТЕВАНА СИНЂЕЛИЋА","44","","","1","0","1779024189"
"327","ДЕСПОТОВАЦ","ДЕСПОТОВАЦ","СТЕВАНА СИНЂЕЛИЋА","45","","","2","0","1779024197"
"327","ДЕСПОТОВАЦ","ДЕСПОТОВАЦ","СТЕВАНА СИНЂЕЛИЋА","47","","","6","0","1779024207"
"327","ДЕСПОТОВАЦ","ДЕСПОТОВАЦ","СТЕВАНА СИНЂЕЛИЋА","49","","","3","0","1779024215"
"327","ДЕСПОТОВАЦ","ДЕСПОТОВАЦ","СТЕВАНА СИНЂЕЛИЋА","50","","","1","0","1779024226"
"327","ДЕСПОТОВАЦ","ДЕСПОТОВАЦ","СТЕВАНА СИНЂЕЛИЋА","53","","","1","0","1779024236"
"327","ДЕСПОТОВАЦ","ДЕСПОТОВАЦ","СТЕВАНА СИНЂЕЛИЋА","54","","","1","0","1779024246"
"327","ДЕСПОТОВАЦ","ДЕСПОТОВАЦ","СТЕВАНА СИНЂЕЛИЋА","55","","","8","0","1779024253"
"327","ДЕСПОТОВАЦ","ДЕСПОТОВАЦ","СТЕВАНА СИНЂЕЛИЋА","56","","","1","0","1779024261"
"327","ДЕСПОТОВАЦ","ДЕСПОТОВАЦ","СТЕВАНА СИНЂЕЛИЋА","59","","","8","0","1779024274"
"327","ДЕСПОТОВАЦ","ДЕСПОТОВАЦ","СТЕВАНА СИНЂЕЛИЋА","61","","","2","0","1779024284"
"327","ДЕСПОТОВАЦ","ДЕСПОТОВАЦ","СТЕВАНА СИНЂЕЛИЋА","63","","","3","0","1779024292"
"327","ДЕСПОТОВАЦ","ДЕСПОТОВАЦ","СТЕВАНА СИНЂЕЛИЋА","65","","","1","0","1779024303"
"327","ДЕСПОТОВАЦ","ДЕСПОТОВАЦ","СТЕВАНА СИНЂЕЛИЋА","71","","","1","0","1779024316"
"327","ДЕСПОТОВАЦ","ДЕСПОТОВАЦ","СТЕВАНА СИНЂЕЛИЋА","73","","","2","0","1779024333"
"327","ДЕСПОТОВАЦ","ДЕСПОТОВАЦ","СТЕВАНА СИНЂЕЛИЋА","75","","","5","0","1779024349"
"327","ДЕСПОТОВАЦ","ДЕСПОТОВАЦ","СТЕВАНА СИНЂЕЛИЋА","79","","","1","0","1779024360"
"327","ДЕСПОТОВАЦ","ДЕСПОТОВАЦ","СТЕВАНА СИНЂЕЛИЋА","87","","","1","0","1779024370"
"327","ДЕСПОТОВАЦ","ДЕСПОТОВАЦ","СТЕВАНА СИНЂЕЛИЋА","101","","","1","0","1779024383"
"327","ДЕСПОТОВАЦ","ДЕСПОТОВАЦ","СТЕВАНА СИНЂЕЛИЋА","315","","","2","0","1779024393"
"327","ДЕСПОТОВАЦ","ДЕСПОТОВАЦ","СТЕВАНА СРЕМЦА","4","","","1","0","1779024408"
"327","ДЕСПОТОВАЦ","ДЕСПОТОВАЦ","СТЕВАНА СРЕМЦА","5","","","2","0","1779024415"
"327","ДЕСПОТОВАЦ","ДЕСПОТОВАЦ","СТЕВАНА СРЕМЦА","7","","","3","0","1779024461"
"327","ДЕСПОТОВАЦ","ДЕСПОТОВАЦ","СТЕВАНА СРЕМЦА","8","","","1","0","1779024470"
"327","ДЕСПОТОВАЦ","ДЕСПОТОВАЦ","СТЕВАНА СРЕМЦА","10","","","2","0","1779024481"
"327","ДЕСПОТОВАЦ","ДЕСПОТОВАЦ","СТЕВАНА СРЕМЦА","12","","","1","0","1779024491"
"327","ДЕСПОТОВАЦ","ДЕСПОТОВАЦ","ТАКОВСКА","4","","","1","0","1779024538"
"327","ДЕСПОТОВАЦ","ДЕСПОТОВАЦ","ТАКОВСКА","10","","","6","0","1779024566"
"327","ДЕСПОТОВАЦ","ДЕСПОТОВАЦ","ТАКОВСКА","26","","","2","0","1779024574"
"327","ДЕСПОТОВАЦ","ДЕСПОТОВАЦ","ХАЈДУК ВЕЉКА","1","","","1","0","1779024585"
"327","ДЕСПОТОВАЦ","ДЕСПОТОВАЦ","ХАЈДУК ВЕЉКА","2","","","4","0","1779024596"
"327","ДЕСПОТОВАЦ","ДЕСПОТОВАЦ","ХАЈДУК ВЕЉКА","3","","","8","0","1779024607"
"327","ДЕСПОТОВАЦ","ДЕСПОТОВАЦ","ХАЈДУК ВЕЉКА","4","","","3","0","1779024619"
"327","ДЕСПОТОВАЦ","ДЕСПОТОВАЦ","ХАЈДУК ВЕЉКА","6","","","6","0","1779024631"
"327","ДЕСПОТОВАЦ","ДЕСПОТОВАЦ","ХАЈДУК ВЕЉКА","8","","","2","0","1779024644"
"327","ДЕСПОТОВАЦ","ДЕСПОТОВАЦ","ХАЈДУК ВЕЉКА","10","","","2","0","1779024653"
"327","ДЕСПОТОВАЦ","ДЕСПОТОВАЦ","ХАЈДУК ВЕЉКА","12","","","2","0","1779024667"
"327","ДЕСПОТОВАЦ","ДЕСПОТОВАЦ","ХАЈДУК ВЕЉКА","16","","","3","0","1779024675"
"327","ДЕСПОТОВАЦ","ДЕСПОТОВАЦ","ХАЈДУК ВЕЉКА","18","","","3","0","1779024685"
"327","ДЕСПОТОВАЦ","ДЕСПОТОВАЦ","ХАЈДУК ВЕЉКА","20","","","4","0","1779024699"
"327","ДЕСПОТОВАЦ","ДЕСПОТОВАЦ","ЦАРА ДУШАНА","0","","","9","0","1779024720"
"327","ДЕСПОТОВАЦ","ДЕСПОТОВАЦ","ЦАРА ДУШАНА","1","","","1","0","1779024728"
"327","ДЕСПОТОВАЦ","ДЕСПОТОВАЦ","ЦАРА ДУШАНА","3","","","1","0","1779024738"
"327","ДЕСПОТОВАЦ","ДЕСПОТОВАЦ","ЦАРА ДУШАНА","6","","","2","0","1779024766"
"327","ДЕСПОТОВАЦ","ДЕСПОТОВАЦ","ЦАРА ДУШАНА","8","","","1","0","1779024781"
"327","ДЕСПОТОВАЦ","ДЕСПОТОВАЦ","ЦАРА ДУШАНА","11","","","1","0","1779024792"
"327","ДЕСПОТОВАЦ","ДЕСПОТОВАЦ","ЦАРА ЛАЗАРА","1","","","4","0","1779024803"
"327","ДЕСПОТОВАЦ","ДЕСПОТОВАЦ","ЦАРА ЛАЗАРА","2","","","2","0","1779024817"
"327","ДЕСПОТОВАЦ","ДЕСПОТОВАЦ","ЦАРА ЛАЗАРА","3","","","2","0","1779024828"
"327","ДЕСПОТОВАЦ","ДЕСПОТОВАЦ","ЦАРА ЛАЗАРА","5","","","4","0","1779024838"
"327","ДЕСПОТОВАЦ","ДЕСПОТОВАЦ","ЦАРА ЛАЗАРА","6","","","2","0","1779024847"
"327","ДЕСПОТОВАЦ","ДЕСПОТОВАЦ","ЦАРА ЛАЗАРА","7","","","3","0","1779024861"
"327","ДЕСПОТОВАЦ","ДЕСПОТОВАЦ","ЦАРА ЛАЗАРА","8","","","1","0","1779024873"
"327","ДЕСПОТОВАЦ","ДЕСПОТОВАЦ","ЦАРА ЛАЗАРА","10","","","3","0","1779024888"
"327","ДЕСПОТОВАЦ","ДЕСПОТОВАЦ","ЦАРА ЛАЗАРА","12","","","2","0","1779024898"
"327","ДЕСПОТОВАЦ","ДЕСПОТОВАЦ","ЦАРА ЛАЗАРА","14","","","2","0","1779024910"
"327","ДЕСПОТОВАЦ","ДЕСПОТОВАЦ","ЦАРА УРОША","10","","","5","0","1779024958"
"327","ДЕСПОТОВАЦ","ДЕСПОТОВАЦ","ЦАРИЦЕ МИЛИЦЕ","2","","","3","0","1779024971"
"327","ДЕСПОТОВАЦ","ДЕСПОТОВАЦ","ЦАРИЦЕ МИЛИЦЕ","3","","","1","0","1779024985"
"327","ДЕСПОТОВАЦ","ДЕСПОТОВАЦ","ЦАРИЦЕ МИЛИЦЕ","6","","","4","0","1779024996"
"327","ДЕСПОТОВАЦ","ДЕСПОТОВАЦ","ЦАРИЦЕ МИЛИЦЕ","11","","","2","0","1779025005"
"327","ДЕСПОТОВАЦ","ДЕСПОТОВАЦ","ЦАРИЦЕ МИЛИЦЕ","12","","","2","0","1779025013"
"327","ДЕСПОТОВАЦ","ДЕСПОТОВАЦ","ЦАРИЦЕ МИЛИЦЕ","16","","","4","0","1779025023"
"327","ДЕСПОТОВАЦ","ДЕСПОТОВАЦ","ЦАРИЦЕ МИЛИЦЕ","18","","","1","0","1779025040"
"327","ДЕСПОТОВАЦ","ДЕСПОТОВАЦ","ЦАРИЦЕ МИЛИЦЕ","20","","","4","0","1779025047"
"327","ДЕСПОТОВАЦ","ДЕСПОТОВАЦ","ЦАРИЦЕ МИЛИЦЕ","22","","","3","0","1779025060"
"327","ДЕСПОТОВАЦ","ДЕСПОТОВАЦ","ЦАРИЦЕ МИЛИЦЕ","23","","","1","0","1779025069"
"327","ДЕСПОТОВАЦ","ДЕСПОТОВАЦ","ЦАРИЦЕ МИЛИЦЕ","24","","","1","0","1779025078"
"327","ДЕСПОТОВАЦ","ДЕСПОТОВАЦ","ЦАРИЦЕ МИЛИЦЕ","28","","","4","0","1779025089"
"327","ДЕСПОТОВАЦ","ДЕСПОТОВАЦ","ЦВИЈИЋЕВА","0","","","5","0","1779025098"
"327","ДЕСПОТОВАЦ","ДЕСПОТОВАЦ","ЦВИЈИЋЕВА","1","","","1","0","1779025106"
"327","ДЕСПОТОВАЦ","ДЕСПОТОВАЦ","ЦВИЈИЋЕВА","4","","","1","0","1779025116"
"327","ДЕСПОТОВАЦ","ДЕСПОТОВАЦ","ЦВИЈИЋЕВА","6","","","3","0","1779025130"
"327","ДЕСПОТОВАЦ","ДЕСПОТОВАЦ","ЦЕРСКА","2","","","2","0","1779025144"
"327","ДЕСПОТОВАЦ","ДЕСПОТОВАЦ","ЦЕРСКА","4","","","4","0","1779025156"
"327","ДЕСПОТОВАЦ","ДЕСПОТОВАЦ","ЦЕРСКА","6","","","2","0","1779025165"
"327","ДЕСПОТОВАЦ","ДЕСПОТОВАЦ","ШУМАДИЈСКА","0","","","1","0","1779025187"
"327","ДЕСПОТОВАЦ","ДЕСПОТОВАЦ","ШУМАДИЈСКА","3","","","1","0","1779025198"
"327","ДЕСПОТОВАЦ","ДЕСПОТОВАЦ","ШУМАДИЈСКА","14","","","2","0","1779025209"
"327","ДЕСПОТОВАЦ","ДЕСПОТОВАЦ","ШУМАДИЈСКА","15","","","4","0","1779025217"
"327","ДЕСПОТОВАЦ","ДЕСПОТОВАЦ","ШУМАДИЈСКА","17","","","2","0","1779025227"
"327","ДЕСПОТОВАЦ","ДЕСПОТОВАЦ","ШУМАДИЈСКА","20","","","1","0","1779025238"
"327","ДЕСПОТОВАЦ","ДЕСПОТОВАЦ","ШУМАДИЈСКА","21","","","3","0","1779025249"
"327","ДЕСПОТОВАЦ","ДЕСПОТОВАЦ","ШУМАДИЈСКА","25","","","2","0","1779025260"
"327","ДЕСПОТОВАЦ","ДЕСПОТОВАЦ","ШУМАДИЈСКА","35","","","3","0","1779025269"
"327","ДЕСПОТОВАЦ","ДЕСПОТОВАЦ","ШУМАДИЈСКА","41","","","1","0","1779025281"
"327","ДЕСПОТОВАЦ","ДЕСПОТОВАЦ","ШУМАДИЈСКА","43","","","4","0","1779025294"
"327","ДЕСПОТОВАЦ","ЗЛАТОВО","НЕМА УЛИЦЕ","0","","","588","0","1779025302"
"327","ДЕСПОТОВАЦ","ЈАСЕНОВО","НЕМА УЛИЦЕ","0-А","","","602","0","1779025310"
"327","ДЕСПОТОВАЦ","ЈЕЗЕРО","НЕМА УЛИЦЕ","0","","","382","0","1779025330"
"327","ДЕСПОТОВАЦ","ЈЕЛОВАЦ","НЕМА УЛИЦЕ","0","","","267","0","1779025339"
"327","ДЕСПОТОВАЦ","ЛИПОВИЦА","НЕМА УЛИЦЕ","0","","","402","0","1779025349"
"327","ДЕСПОТОВАЦ","ЛОМНИЦА","НЕМА УЛИЦЕ","0-А","","","587","0","1779025378"
"327","ДЕСПОТОВАЦ","ЛОМНИЦА","НЕМА УЛИЦЕ","0-Б","","","404","0","1779025399"
"327","ДЕСПОТОВАЦ","МЕДВЕЂА","НЕМА УЛИЦЕ","0-А","","","533","0","1779025408"
"327","ДЕСПОТОВАЦ","МЕДВЕЂА","НЕМА УЛИЦЕ","0-Б","","","321","0","1779025416"
"327","ДЕСПОТОВАЦ","МИЛИВА","НЕМА УЛИЦЕ","0-А","","","592","0","1779025424"
"327","ДЕСПОТОВАЦ","МИЛИВА","НЕМА УЛИЦЕ","0-А","","1","1","0","1779025424"
"327","ДЕСПОТОВАЦ","ПАЊЕВАЦ","НЕМА УЛИЦЕ","0","","","414","0","1779025444"
"327","ДЕСПОТОВАЦ","ПЛАЖАНЕ","НЕМА УЛИЦЕ","0-А","","","539","0","1779025456"
"327","ДЕСПОТОВАЦ","ДЕСПОТОВАЦ","САВЕ КОВАЧЕВИЋА","19","","","5","0","1779029093"
"327","ДЕСПОТОВАЦ","ДЕСПОТОВАЦ","САВЕЗ БОРАЦА","61","","","1","0","1779029113"
"327","ДЕСПОТОВАЦ","ДЕСПОТОВАЦ","САВЕЗ БОРАЦА","136","","","5","0","1779029128"
"327","ДЕСПОТОВАЦ","ДЕСПОТОВАЦ","САВЕЗ БОРАЦА","176","","","3","0","1779029142"
"327","ДЕСПОТОВАЦ","ДЕСПОТОВАЦ","СТЕВАНА СИНЂЕЛИЋА","15","","","1","0","1779029154"
"327","ДЕСПОТОВАЦ","ДЕСПОТОВАЦ","СТЕВАНА СИНЂЕЛИЋА","17","","","4","0","1779029165"
"327","ДЕСПОТОВАЦ","ДЕСПОТОВАЦ","СТЕВАНА СИНЂЕЛИЋА","25","","","2","0","1779029175"
"327","ДЕСПОТОВАЦ","ДЕСПОТОВАЦ","СТЕВАНА СИНЂЕЛИЋА","29","","","1","0","1779029184"
"327","ДЕСПОТОВАЦ","ДЕСПОТОВАЦ","СТЕВАНА СИНЂЕЛИЋА","66","","","1","0","1779029199"
"327","ДЕСПОТОВАЦ","ДЕСПОТОВАЦ","СТЕВАНА СРЕМЦА","6","","","5","0","1779029209"
"327","ДЕСПОТОВАЦ","ДЕСПОТОВАЦ","ТАКОВСКА","7","","","3","0","1779029219"
"327","ДЕСПОТОВАЦ","ДЕСПОТОВАЦ","ТАКОВСКА","9","","","5","0","1779029228"
"327","ДЕСПОТОВАЦ","ДЕСПОТОВАЦ","ЦАРА ЛАЗАРА","4","","","6","0","1779029238"
"327","ДЕСПОТОВАЦ","ДЕСПОТОВАЦ","ЦАРА УРОША","2","","","1","0","1779029247"
"327","ДЕСПОТОВАЦ","ДЕСПОТОВАЦ","ЦАРИЦЕ МИЛИЦЕ","1","","","8","0","1779029255"
"327","ДЕСПОТОВАЦ","ЈАСЕНОВО","НЕМА УЛИЦЕ","0-Б","","","449","0","1779029268"
"327","ДЕСПОТОВАЦ","ЈЕЗЕРО","ЈЕЗЕРО","0","","","1","0","1779029281"
"327","ДЕСПОТОВАЦ","МИЛИВА","НЕМА УЛИЦЕ","0-Б","","","374","0","1779029291"
"327","ДЕСПОТОВАЦ","ПЛАЖАНЕ","НЕМА УЛИЦЕ","0-Б","","","357","0","1779029301"
"327","ДЕСПОТОВАЦ","ПЛАЖАНЕ","НЕМА УЛИЦЕ","0-В","","","330","0","1779029314"
"327","ДЕСПОТОВАЦ","ПОПОВЊАК","НЕМА УЛИЦЕ","0","","","252","0","1779029327"
"327","ДЕСПОТОВАЦ","ПОПОВЊАК","ПОПОВЊАК","0","","","1","0","1779029340"
"327","ДЕСПОТОВАЦ","РАВНА РЕКА","НЕМА УЛИЦЕ","0","","","178","0","1779029349"
"327","ДЕСПОТОВАЦ","РЕСАВИЦА","29.НОВЕМБАР","0","","","14","0","1779029369"
"327","ДЕСПОТОВАЦ","РЕСАВИЦА","29.НОВЕМБАР","1","","","7","0","1779029382"
"327","ДЕСПОТОВАЦ","РЕСАВИЦА","29.НОВЕМБАР","2","","","7","0","1779029392"
"327","ДЕСПОТОВАЦ","РЕСАВИЦА","29.НОВЕМБАР","3","","","7","0","1779029405"
"327","ДЕСПОТОВАЦ","РЕСАВИЦА","29.НОВЕМБАР","4","","","12","0","1779029417"
"327","ДЕСПОТОВАЦ","РЕСАВИЦА","29.НОВЕМБАР","5","","","11","0","1779029431"
"327","ДЕСПОТОВАЦ","РЕСАВИЦА","29.НОВЕМБАР","6","","","21","0","1779029446"
"327","ДЕСПОТОВАЦ","РЕСАВИЦА","29.НОВЕМБАР","7","","","24","0","1779029457"
"327","ДЕСПОТОВАЦ","РЕСАВИЦА","29.НОВЕМБАР","8","","","9","0","1779029466"
"327","ДЕСПОТОВАЦ","РЕСАВИЦА","29.НОВЕМБАР","9","","","12","0","1779029476"
"327","ДЕСПОТОВАЦ","РЕСАВИЦА","29.НОВЕМБАР","10","","","7","0","1779029489"
"327","ДЕСПОТОВАЦ","РЕСАВИЦА","29.НОВЕМБАР","11","","","7","0","1779029501"
"327","ДЕСПОТОВАЦ","РЕСАВИЦА","29.НОВЕМБАР","12","","","1","0","1779029509"
"327","ДЕСПОТОВАЦ","РЕСАВИЦА","29.НОВЕМБАР","37","","","1","0","1779029517"
"327","ДЕСПОТОВАЦ","РЕСАВИЦА","6 АВГУСТ","0","","","70","0","1779029529"
"327","ДЕСПОТОВАЦ","РЕСАВИЦА","6 АВГУСТ","1","","","22","0","1779029539"
"327","ДЕСПОТОВАЦ","РЕСАВИЦА","6 АВГУСТ","2","","","29","0","1779029549"
"327","ДЕСПОТОВАЦ","РЕСАВИЦА","6 АВГУСТ","3","","","25","0","1779029557"
"327","ДЕСПОТОВАЦ","РЕСАВИЦА","6 АВГУСТ","5","","","7","0","1779029565"
"327","ДЕСПОТОВАЦ","РЕСАВИЦА","6 АВГУСТ","6","","","16","0","1779029578"
"327","ДЕСПОТОВАЦ","РЕСАВИЦА","6 АВГУСТ","7","","","6","0","1779029586"
"327","ДЕСПОТОВАЦ","РЕСАВИЦА","6 АВГУСТ","8","","","39","0","1779029595"
"327","ДЕСПОТОВАЦ","РЕСАВИЦА","6 АВГУСТ","10","","","2","0","1779029617"
"327","ДЕСПОТОВАЦ","РЕСАВИЦА","6 АВГУСТ","11","","","12","0","1779029630"
"327","ДЕСПОТОВАЦ","РЕСАВИЦА","6 АВГУСТ","13","","","6","0","1779029670"
"327","ДЕСПОТОВАЦ","РЕСАВИЦА","6 АВГУСТ","14","","","19","0","1779029681"
"327","ДЕСПОТОВАЦ","РЕСАВИЦА","6 АВГУСТ","16","","","7","0","1779029688"
"327","ДЕСПОТОВАЦ","РЕСАВИЦА","6 АВГУСТ","17","","","7","0","1779029698"
"327","ДЕСПОТОВАЦ","РЕСАВИЦА","6 АВГУСТ","18","","","5","0","1779029710"
"327","ДЕСПОТОВАЦ","РЕСАВИЦА","6 АВГУСТ","19","","","11","0","1779029717"
"327","ДЕСПОТОВАЦ","РЕСАВИЦА","6 АВГУСТ","20","","","5","0","1779029728"
"327","ДЕСПОТОВАЦ","РЕСАВИЦА","6 АВГУСТ","22","","","7","0","1779029741"
"327","ДЕСПОТОВАЦ","РЕСАВИЦА","6 АВГУСТ","23","","","5","0","1779029753"
"327","ДЕСПОТОВАЦ","РЕСАВИЦА","6 АВГУСТ","24","","","1","0","1779029761"
"327","ДЕСПОТОВАЦ","РЕСАВИЦА","6 АВГУСТ","25","","","1","0","1779029769"
"327","ДЕСПОТОВАЦ","РЕСАВИЦА","6 АВГУСТ","26","","","3","0","1779029782"
"327","ДЕСПОТОВАЦ","РЕСАВИЦА","6 АВГУСТ","28","","","2","0","1779029790"
"327","ДЕСПОТОВАЦ","РЕСАВИЦА","6 АВГУСТ","29","","","3","0","1779029801"
"327","ДЕСПОТОВАЦ","РЕСАВИЦА","6 АВГУСТ","30","","","6","0","1779029810"
"327","ДЕСПОТОВАЦ","РЕСАВИЦА","6 АВГУСТ","32","","","4","0","1779029822"
"327","ДЕСПОТОВАЦ","РЕСАВИЦА","6 АВГУСТ","33","","","3","0","1779029833"
"327","ДЕСПОТОВАЦ","РЕСАВИЦА","6 АВГУСТ","35","","","3","0","1779029860"
"327","ДЕСПОТОВАЦ","РЕСАВИЦА","6 АВГУСТ","36","","","5","0","1779029867"
"327","ДЕСПОТОВАЦ","РЕСАВИЦА","6 АВГУСТ","38","","","32","0","1779029874"
"327","ДЕСПОТОВАЦ","РЕСАВИЦА","6 АВГУСТ","39","","","3","0","1779029899"
"327","ДЕСПОТОВАЦ","РЕСАВИЦА","6 АВГУСТ","40","","","15","0","1779029913"
"327","ДЕСПОТОВАЦ","РЕСАВИЦА","6 АВГУСТ","41","","","5","0","1779029926"
"327","ДЕСПОТОВАЦ","РЕСАВИЦА","6 АВГУСТ","44","","","6","0","1779029947"
"327","ДЕСПОТОВАЦ","РЕСАВИЦА","6 АВГУСТ","45","","","2","0","1779029959"
"327","ДЕСПОТОВАЦ","РЕСАВИЦА","6 АВГУСТ","46","","","4","0","1779029971"
"327","ДЕСПОТОВАЦ","РЕСАВИЦА","6 АВГУСТ","47","","","3","0","1779029981"
"327","ДЕСПОТОВАЦ","РЕСАВИЦА","6 АВГУСТ","48","","","4","0","1779029990"
"327","ДЕСПОТОВАЦ","РЕСАВИЦА","6 АВГУСТ","49","","","1","0","1779030001"
"327","ДЕСПОТОВАЦ","РЕСАВИЦА","6 АВГУСТ","50","","","3","0","1779030013"
"327","ДЕСПОТОВАЦ","РЕСАВИЦА","6 АВГУСТ","51","","","1","0","1779030027"
"327","ДЕСПОТОВАЦ","РЕСАВИЦА","6 АВГУСТ","58","","","1","0","1779030039"
"327","ДЕСПОТОВАЦ","РЕСАВИЦА","6 АВГУСТ","60","","","2","0","1779030048"
"327","ДЕСПОТОВАЦ","РЕСАВИЦА","6 АВГУСТ","62","","","8","0","1779030062"
"327","ДЕСПОТОВАЦ","РЕСАВИЦА","6 АВГУСТ","64","","","10","0","1779030092"
"327","ДЕСПОТОВАЦ","РЕСАВИЦА","6 АВГУСТ","66","","","11","0","1779030107"
"327","ДЕСПОТОВАЦ","РЕСАВИЦА","6 АВГУСТ","68","","","7","0","1779030124"
"327","ДЕСПОТОВАЦ","РЕСАВИЦА","6 АВГУСТ","70","","","16","0","1779030136"
"327","ДЕСПОТОВАЦ","РЕСАВИЦА","6 АВГУСТ","72","","","8","0","1779030146"
"327","ДЕСПОТОВАЦ","РЕСАВИЦА","6 АВГУСТ","73","","","2","0","1779030157"
"327","ДЕСПОТОВАЦ","РЕСАВИЦА","6 АВГУСТ","74","","","8","0","1779030167"
"327","ДЕСПОТОВАЦ","РЕСАВИЦА","6 АВГУСТ","76","","","15","0","1779030177"
"327","ДЕСПОТОВАЦ","РЕСАВИЦА","6 АВГУСТ","78","","","7","0","1779030186"
"327","ДЕСПОТОВАЦ","РЕСАВИЦА","6 АВГУСТ","80","","","13","0","1779030195"
"327","ДЕСПОТОВАЦ","РЕСАВИЦА","6 АВГУСТ","83","","","5","0","1779030208"
"327","ДЕСПОТОВАЦ","РЕСАВИЦА","6 АВГУСТ","84","","","9","0","1779030223"
"327","ДЕСПОТОВАЦ","РЕСАВИЦА","6 АВГУСТ","86","","","6","0","1779030233"
"327","ДЕСПОТОВАЦ","РЕСАВИЦА","6 АВГУСТ","88","","","7","0","1779030244"
"327","ДЕСПОТОВАЦ","РЕСАВИЦА","6 АВГУСТ","90","","","4","0","1779030255"
"327","ДЕСПОТОВАЦ","РЕСАВИЦА","6 АВГУСТ","92","","","6","0","1779030266"
"327","ДЕСПОТОВАЦ","РЕСАВИЦА","6 АВГУСТ","94","","","3","0","1779030277"
"327","ДЕСПОТОВАЦ","РЕСАВИЦА","6 АВГУСТ","96","","","9","0","1779030286"
"327","ДЕСПОТОВАЦ","РЕСАВИЦА","6 АВГУСТ","98","","","11","0","1779030296"
"327","ДЕСПОТОВАЦ","РЕСАВИЦА","6 АВГУСТ","100","","","3","0","1779030301"
"327","ДЕСПОТОВАЦ","РЕСАВИЦА","6 АВГУСТ","102","","","5","0","1779030312"
"327","ДЕСПОТОВАЦ","РЕСАВИЦА","6 АВГУСТ","104","","","2","0","1779030325"
"327","ДЕСПОТОВАЦ","РЕСАВИЦА","6 АВГУСТ","106","","","1","0","1779030337"
"327","ДЕСПОТОВАЦ","РЕСАВИЦА","6 АВГУСТ","112","","","2","0","1779030345"
"327","ДЕСПОТОВАЦ","РЕСАВИЦА","6 АВГУСТ","114","","","4","0","1779030354"
"327","ДЕСПОТОВАЦ","РЕСАВИЦА","6 АВГУСТ","126","","","2","0","1779030365"
"327","ДЕСПОТОВАЦ","РЕСАВИЦА","6 АВГУСТ","127","","","5","0","1779030374"
"327","ДЕСПОТОВАЦ","РЕСАВИЦА","6 АВГУСТ","130","","","4","0","1779030381"
"327","ДЕСПОТОВАЦ","РЕСАВИЦА","6 АВГУСТ","160","","","1","0","1779030390"
"327","ДЕСПОТОВАЦ","РЕСАВИЦА","7 ЈУЛИ","0","","","4","0","1779030401"
"327","ДЕСПОТОВАЦ","РЕСАВИЦА","7 ЈУЛИ","1","","","18","0","1779030413"
"327","ДЕСПОТОВАЦ","РЕСАВИЦА","7 ЈУЛИ","2","","","2","0","1779030435"
"327","ДЕСПОТОВАЦ","РЕСАВИЦА","7 ЈУЛИ","3","","","13","0","1779030445"
"327","ДЕСПОТОВАЦ","РЕСАВИЦА","7 ЈУЛИ","4","","","3","0","1779030454"
"327","ДЕСПОТОВАЦ","РЕСАВИЦА","7 ЈУЛИ","5","","","5","0","1779030468"
"327","ДЕСПОТОВАЦ","РЕСАВИЦА","7 ЈУЛИ","6","","","3","0","1779030474"
"327","ДЕСПОТОВАЦ","РЕСАВИЦА","7 ЈУЛИ","7","","","2","0","1779030484"
"327","ДЕСПОТОВАЦ","РЕСАВИЦА","7 ЈУЛИ","8","","","3","0","1779030494"
"327","ДЕСПОТОВАЦ","РЕСАВИЦА","7 ЈУЛИ","9","","","3","0","1779030505"
"327","ДЕСПОТОВАЦ","РЕСАВИЦА","7 ЈУЛИ","10","","","3","0","1779030514"
"327","ДЕСПОТОВАЦ","РЕСАВИЦА","7 ЈУЛИ","11","","","4","0","1779030525"
"327","ДЕСПОТОВАЦ","РЕСАВИЦА","7 ЈУЛИ","12","","","3","0","1779030536"
"327","ДЕСПОТОВАЦ","РЕСАВИЦА","7 ЈУЛИ","13","","","4","0","1779030552"
"327","ДЕСПОТОВАЦ","РЕСАВИЦА","7 ЈУЛИ","14","","","3","0","1779030562"
"327","ДЕСПОТОВАЦ","РЕСАВИЦА","7 ЈУЛИ","15","","","3","0","1779030579"
"327","ДЕСПОТОВАЦ","РЕСАВИЦА","7 ЈУЛИ","17","","","1","0","1779030594"
"327","ДЕСПОТОВАЦ","РЕСАВИЦА","7 ЈУЛИ","18","","","2","0","1779030606"
"327","ДЕСПОТОВАЦ","РЕСАВИЦА","7 ЈУЛИ","19","","","1","0","1779030612"
"327","ДЕСПОТОВАЦ","РЕСАВИЦА","7 ЈУЛИ","20","","","1","0","1779030628"
"327","ДЕСПОТОВАЦ","РЕСАВИЦА","7 ЈУЛИ","22","","","8","0","1779030639"
"327","ДЕСПОТОВАЦ","РЕСАВИЦА","7 ЈУЛИ","24","","","13","0","1779030651"
"327","ДЕСПОТОВАЦ","РЕСАВИЦА","7 ЈУЛИ","30","","","1","0","1779030665"
"327","ДЕСПОТОВАЦ","РЕСАВИЦА","7 ЈУЛИ","32","","","1","0","1779030676"
"327","ДЕСПОТОВАЦ","РЕСАВИЦА","7 ЈУЛИ","34","","","2","0","1779030686"
"327","ДЕСПОТОВАЦ","РЕСАВИЦА","7 ЈУЛИ","36","","","3","0","1779030696"
"327","ДЕСПОТОВАЦ","РЕСАВИЦА","7 ЈУЛИ","38","","","1","0","1779030707"
"327","ДЕСПОТОВАЦ","РЕСАВИЦА","7 ЈУЛИ","40","","","1","0","1779030715"
"327","ДЕСПОТОВАЦ","РЕСАВИЦА","БАРЕ","0","","","11","0","1779030725"
"327","ДЕСПОТОВАЦ","РЕСАВИЦА","ЖЕЛЕЗНИЧКА","0","","","15","0","1779030734"
"327","ДЕСПОТОВАЦ","РЕСАВИЦА","ЖЕЛЕЗНИЧКА","3","","","2","0","1779030748"
"327","ДЕСПОТОВАЦ","РЕСАВИЦА","ЖЕЛЕЗНИЧКА","12","","","1","0","1779030760"
"327","ДЕСПОТОВАЦ","РЕСАВИЦА","ЖЕЛЕЗНИЧКА","15","","","22","0","1779030770"
"327","ДЕСПОТОВАЦ","РЕСАВИЦА","ЖЕЛЕЗНИЧКА","17","","","28","0","1779030782"
"327","ДЕСПОТОВАЦ","РЕСАВИЦА","ЖЕЛЕЗНИЧКА","18","","","1","0","1779030791"
"327","ДЕСПОТОВАЦ","РЕСАВИЦА","ЖЕЛЕЗНИЧКА","23","","","2","0","1779030803"
"327","ДЕСПОТОВАЦ","РЕСАВИЦА","ЖЕЛЕЗНИЧКА","25","","","2","0","1779030814"
"327","ДЕСПОТОВАЦ","РЕСАВИЦА","ЖЕЛЕЗНИЧКА","27","","","1","0","1779030823"
"327","ДЕСПОТОВАЦ","РЕСАВИЦА","ЖЕЛЕЗНИЧКА","28","","","1","0","1779030833"
"327","ДЕСПОТОВАЦ","РЕСАВИЦА","ЖЕЛЕЗНИЧКА","30","","","3","0","1779030842"
"327","ДЕСПОТОВАЦ","РЕСАВИЦА","ЖЕЛЕЗНИЧКА","31","","","3","0","1779030852"
"327","ДЕСПОТОВАЦ","РЕСАВИЦА","ЖЕЛЕЗНИЧКА","35","","","1","0","1779030864"
"327","ДЕСПОТОВАЦ","РЕСАВИЦА","ЖЕЛЕЗНИЧКА","36","","","1","0","1779030878"
"327","ДЕСПОТОВАЦ","РЕСАВИЦА","ЖЕЛЕЗНИЧКА","37","","","3","0","1779030886"
"327","ДЕСПОТОВАЦ","РЕСАВИЦА","ЖЕЛЕЗНИЧКА","38","","","4","0","1779030897"
"327","ДЕСПОТОВАЦ","РЕСАВИЦА","ЖЕЛЕЗНИЧКА","39","","","1","0","1779030912"
"327","ДЕСПОТОВАЦ","РЕСАВИЦА","ЖЕЛЕЗНИЧКА","40","","","5","0","1779030924"
"327","ДЕСПОТОВАЦ","РЕСАВИЦА","ЖЕЛЕЗНИЧКА","44","","","1","0","1779030938"
"327","ДЕСПОТОВАЦ","РЕСАВИЦА","ЖЕЛЕЗНИЧКА","45","","","1","0","1779030946"
"327","ДЕСПОТОВАЦ","РЕСАВИЦА","ЖЕЛЕЗНИЧКА","46","","","1","0","1779030958"
"327","ДЕСПОТОВАЦ","РЕСАВИЦА","ЖЕЛЕЗНИЧКА","48","","","2","0","1779030975"
"327","ДЕСПОТОВАЦ","РЕСАВИЦА","ЖЕЛЕЗНИЧКА","49","","","5","0","1779030986"
"327","ДЕСПОТОВАЦ","РЕСАВИЦА","ЖЕЛЕЗНИЧКА","52","","","15","0","1779030994"
"327","ДЕСПОТОВАЦ","РЕСАВИЦА","ЖЕЛЕЗНИЧКА","58","","","6","0","1779031010"
"327","ДЕСПОТОВАЦ","РЕСАВИЦА","ЖЕЛЕЗНИЧКА","59","","","3","0","1779031019"
"327","ДЕСПОТОВАЦ","РЕСАВИЦА","ЖЕЛЕЗНИЧКА","60","","","5","0","1779031030"
"327","ДЕСПОТОВАЦ","РЕСАВИЦА","ЖЕЛЕЗНИЧКА","63","","","3","0","1779031044"
"327","ДЕСПОТОВАЦ","РЕСАВИЦА","ЖЕЛЕЗНИЧКА","67","","","3","0","1779031055"
"327","ДЕСПОТОВАЦ","РЕСАВИЦА","ЛОЛЕ РИБАРА","0","","","3","0","1779031075"
"327","ДЕСПОТОВАЦ","РЕСАВИЦА","ЛОЛЕ РИБАРА","1","","","3","0","1779031082"
"327","ДЕСПОТОВАЦ","РЕСАВИЦА","ЛОЛЕ РИБАРА","2","","","5","0","1779031116"
"327","ДЕСПОТОВАЦ","РЕСАВИЦА","ЛОЛЕ РИБАРА","5","","","15","0","1779031132"
"327","ДЕСПОТОВАЦ","РЕСАВИЦА","МАКВИШТЕ","0","","","21","0","1779031143"
"327","ДЕСПОТОВАЦ","РЕСАВИЦА","ПЕНЕЗИЋЕВА","0","","","19","0","1779031151"
"327","ДЕСПОТОВАЦ","РЕСАВИЦА","ПЕНЕЗИЋЕВА","1","","","12","0","1779031163"
"327","ДЕСПОТОВАЦ","РЕСАВИЦА","ПЕНЕЗИЋЕВА","3","","","6","0","1779031183"
"327","ДЕСПОТОВАЦ","РЕСАВИЦА","ПЕНЕЗИЋЕВА","5","","","8","0","1779031192"
"327","ДЕСПОТОВАЦ","РЕСАВИЦА","ПЕНЕЗИЋЕВА","9","","","6","0","1779031203"
"327","ДЕСПОТОВАЦ","РЕСАВИЦА","ПЕНЕЗИЋЕВА","11","","","1","0","1779031213"
"327","ДЕСПОТОВАЦ","РЕСАВИЦА","ПЕНЕЗИЋЕВА","12","","","1","0","1779031225"
"327","ДЕСПОТОВАЦ","РЕСАВИЦА","ПЕТРА ЖАЛЦА","0","","","34","0","1779031235"
"327","ДЕСПОТОВАЦ","РЕСАВИЦА","ПЕТРА ЖАЛЦА","1","","","8","0","1779031244"
"327","ДЕСПОТОВАЦ","РЕСАВИЦА","ПЕТРА ЖАЛЦА","2","","","5","0","1779031266"
"327","ДЕСПОТОВАЦ","РЕСАВИЦА","ПЕТРА ЖАЛЦА","4","","","13","0","1779031277"
"327","ДЕСПОТОВАЦ","РЕСАВИЦА","ПЕТРА ЖАЛЦА","5","","","2","0","1779031291"
"327","ДЕСПОТОВАЦ","РЕСАВИЦА","ПЕТРА ЖАЛЦА","7","","","1","0","1779031306"
"327","ДЕСПОТОВАЦ","РЕСАВИЦА","ПЕТРА ЖАЛЦА","8","","","13","0","1779031347"
"327","ДЕСПОТОВАЦ","РЕСАВИЦА","ПЕТРА ЖАЛЦА","9","","","9","0","1779031354"
"327","ДЕСПОТОВАЦ","РЕСАВИЦА","ПЕТРА ЖАЛЦА","17","","","2","0","1779031366"
"327","ДЕСПОТОВАЦ","РЕСАВИЦА","ПЕТРА ЖАЛЦА","19","","","8","0","1779031376"
"327","ДЕСПОТОВАЦ","РЕСАВИЦА","ПЕТРА ЖАЛЦА","39","","","1","0","1779031388"
"327","ДЕСПОТОВАЦ","РЕСАВИЦА","ПРВОМАЈСКА","2","","","2","0","1779031410"
"327","ДЕСПОТОВАЦ","РЕСАВИЦА","ПРВОМАЈСКА","3","","","7","0","1779031421"
"327","ДЕСПОТОВАЦ","РЕСАВИЦА","ПРВОМАЈСКА","4","","","10","0","1779031435"
"327","ДЕСПОТОВАЦ","РЕСАВИЦА","ПРВОМАЈСКА","5","","","7","0","1779031445"
"327","ДЕСПОТОВАЦ","РЕСАВИЦА","ПРВОМАЈСКА","6","","","4","0","1779031461"
"327","ДЕСПОТОВАЦ","РЕСАВИЦА","ПРВОМАЈСКА","8","","","2","0","1779031484"
"327","ДЕСПОТОВАЦ","РЕСАВИЦА","ПРВОМАЈСКА","9","","","2","0","1779031497"
"327","ДЕСПОТОВАЦ","РЕСАВИЦА","ПРВОМАЈСКА","10","","","11","0","1779031509"
"327","ДЕСПОТОВАЦ","РЕСАВИЦА","ПРВОМАЈСКА","14","","","3","0","1779031521"
"327","ДЕСПОТОВАЦ","РЕСАВИЦА","САВЕЗ БОРАЦА","0","","","78","0","1779031529"
"327","ДЕСПОТОВАЦ","РЕСАВИЦА","САВЕЗ БОРАЦА","4","","","1","0","1779031540"
"327","ДЕСПОТОВАЦ","РЕСАВИЦА","САВЕЗ БОРАЦА","6","","","1","0","1779031549"
"327","ДЕСПОТОВАЦ","РЕСАВИЦА","САВЕЗ БОРАЦА","23","","","1","0","1779031557"
"327","ДЕСПОТОВАЦ","РЕСАВИЦА","САВЕЗ БОРАЦА","25","","","2","0","1779031570"
"327","ДЕСПОТОВАЦ","РЕСАВИЦА","САВЕЗ БОРАЦА","35","","","1","0","1779031577"
"327","ДЕСПОТОВАЦ","РЕСАВИЦА","САВЕЗ БОРАЦА","63","","","1","0","1779031589"
"327","ДЕСПОТОВАЦ","РЕСАВИЦА","САВЕЗА БОРАЦА","0","","","7","0","1779031600"
"327","ДЕСПОТОВАЦ","РЕСАВИЦА","САВЕЗА БОРАЦА","1","","","4","0","1779031610"
"327","ДЕСПОТОВАЦ","РЕСАВИЦА","САВЕЗА БОРАЦА","2","","","3","0","1779031622"
"327","ДЕСПОТОВАЦ","РЕСАВИЦА","САВЕЗА БОРАЦА","3","","","1","0","1779031632"
"327","ДЕСПОТОВАЦ","РЕСАВИЦА","САВЕЗА БОРАЦА","4","","","13","0","1779031641"
"327","ДЕСПОТОВАЦ","РЕСАВИЦА","САВЕЗА БОРАЦА","6","","","9","0","1779031650"
"327","ДЕСПОТОВАЦ","РЕСАВИЦА","САВЕЗА БОРАЦА","7","","","1","0","1779031666"
"327","ДЕСПОТОВАЦ","РЕСАВИЦА","САВЕЗА БОРАЦА","8","","","8","0","1779031680"
"327","ДЕСПОТОВАЦ","РЕСАВИЦА","САВЕЗА БОРАЦА","12","","","1","0","1779031691"
"327","ДЕСПОТОВАЦ","РЕСАВИЦА","САВЕЗА БОРАЦА","20","","","1","0","1779031698"
"327","ДЕСПОТОВАЦ","РЕСАВИЦА","САВЕЗА БОРАЦА","21","","","2","0","1779031710"
"327","ДЕСПОТОВАЦ","РЕСАВИЦА","САВЕЗА БОРАЦА","23","","","9","0","1779031723"
"327","ДЕСПОТОВАЦ","РЕСАВИЦА","САВЕЗА БОРАЦА","25","","","4","0","1779031734"
"327","ДЕСПОТОВАЦ","РЕСАВИЦА","САВЕЗА БОРАЦА","28","","","3","0","1779031742"
"327","ДЕСПОТОВАЦ","РЕСАВИЦА","САВЕЗА БОРАЦА","30","","","1","0","1779031752"
"327","ДЕСПОТОВАЦ","РЕСАВИЦА","САВЕЗА БОРАЦА","35","","","1","0","1779031764"
"327","ДЕСПОТОВАЦ","РЕСАВИЦА","САВЕЗА БОРАЦА","37","","","1","0","1779031775"
"327","ДЕСПОТОВАЦ","РЕСАВИЦА","САВЕЗА БОРАЦА","39","","","1","0","1779031783"
"327","ДЕСПОТОВАЦ","РЕСАВИЦА","САВЕЗА БОРАЦА","40","","","1","0","1779031792"
"327","ДЕСПОТОВАЦ","РЕСАВИЦА","САВЕЗА БОРАЦА","42","","","1","0","1779031801"
"327","ДЕСПОТОВАЦ","РЕСАВИЦА","САВЕЗА БОРАЦА","44","","","1","0","1779031812"
"327","ДЕСПОТОВАЦ","РЕСАВИЦА","САВЕЗА БОРАЦА","49","","","1","0","1779031820"
"327","ДЕСПОТОВАЦ","РЕСАВИЦА","САВЕЗА БОРАЦА","57","","","1","0","1779031829"
"327","ДЕСПОТОВАЦ","РЕСАВИЦА","САВЕЗА БОРАЦА","63","","","1","0","1779031841"
"327","ДЕСПОТОВАЦ","РЕСАВИЦА","САВЕЗА БОРАЦА","65","","","1","0","1779031847"
"327","ДЕСПОТОВАЦ","РЕСАВИЦА","САВЕЗА БОРАЦА","67","","","2","0","1779031860"
"327","ДЕСПОТОВАЦ","РЕСАВИЦА","САВЕЗА БОРАЦА","79","","","1","0","1779031870"
"327","ДЕСПОТОВАЦ","РЕСАВИЦА","САВЕЗА БОРАЦА","83","","","2","0","1779031883"
"327","ДЕСПОТОВАЦ","РЕСАВИЦА","САВЕЗА БОРАЦА","86","","","1","0","1779031892"
"327","ДЕСПОТОВАЦ","РЕСАВИЦА","САВЕЗА БОРАЦА","87","","","2","0","1779031908"
"327","ДЕСПОТОВАЦ","РЕСАВИЦА","САВЕЗА БОРАЦА","89","","","3","0","1779031922"
"327","ДЕСПОТОВАЦ","РЕСАВИЦА","САВЕЗА БОРАЦА","90","","","1","0","1779031931"
"327","ДЕСПОТОВАЦ","СЕЛО РЕСАВИЦА","НЕМА УЛИЦЕ","0","","","124","0","1779031941"
"327","ДЕСПОТОВАЦ","СЕЊСКИ РУДНИК","НЕМА УЛИЦЕ","0","","","283","0","1779031953"
"327","ДЕСПОТОВАЦ","СЛАДАЈА","НЕМА УЛИЦЕ","0","","","606","0","1779031962"
"327","ДЕСПОТОВАЦ","СТЕЊЕВАЦ","НЕМА УЛИЦЕ","0","","","514","0","1779031972"
"327","ДЕСПОТОВАЦ","СТРМОСТЕН","НЕМА УЛИЦЕ","0","","","621","0","1779031979"
"327","ДЕСПОТОВАЦ","СТРМОСТЕН","СТРМОСТЕН","0","","","2","0","1779031990"
"327","ДЕСПОТОВАЦ","ДЕСПОТОВАЦ","САВЕЗ БОРАЦА","132","","","2","0","1779043567"
"327","ДЕСПОТОВАЦ","РЕСАВИЦА","6 АВГУСТ","9","","","4","0","1779043590"
"327","ДЕСПОТОВАЦ","РЕСАВИЦА","6 АВГУСТ","12","","","16","0","1779043603"
"327","ДЕСПОТОВАЦ","РЕСАВИЦА","6 АВГУСТ","34","","","9","0","1779043617"
"327","ДЕСПОТОВАЦ","РЕСАВИЦА","6 АВГУСТ","42","","","5","0","1779043632"
"327","ДЕСПОТОВАЦ","РЕСАВИЦА","6 АВГУСТ","82","","","4","0","1779043642"
"327","ДЕСПОТОВАЦ","РЕСАВИЦА","ЖИДИЉЕ","0","","","45","0","1779043659"
"327","ДЕСПОТОВАЦ","РЕСАВИЦА","ЛОЛЕ РИБАРА","3","","","14","0","1779043672"
"327","ДЕСПОТОВАЦ","РЕСАВИЦА","ПЕНЕЗИЋЕВА","2","","","6","0","1779043680"
"327","ДЕСПОТОВАЦ","РЕСАВИЦА","ПЕТРА ЖАЛЦА","3","","","13","0","1779043689"
"327","ДЕСПОТОВАЦ","РЕСАВИЦА","ПЕТРА ЖАЛЦА","6","","","19","0","1779043700"
"327","ДЕСПОТОВАЦ","РЕСАВИЦА","ПРВОМАЈСКА","1","","","16","0","1779043708"
"327","ДЕСПОТОВАЦ","РЕСАВИЦА","ПРВОМАЈСКА","7","","","15","0","1779043718"
"327","ДЕСПОТОВАЦ","РЕСАВИЦА","ПРВОМАЈСКА","12","","","1","0","1779043724"
"327","ДЕСПОТОВАЦ","РЕСАВИЦА","САВЕЗА БОРАЦА","77","","","3","0","1779043742"
"327","ДЕСПОТОВАЦ","РЕСАВИЦА","ЖЕЛЕЗНИЧКА","47","","","2","0","1779044727"
"327","ДЕСПОТОВАЦ","РЕСАВИЦА","ЖЕЛЕЗНИЧКА","56","","","2","0","1779044736"
"327","ДЕСПОТОВАЦ","ТРУЋЕВАЦ","НЕМА УЛИЦЕ","0","","","291","0","1779044744"
